667 1330
2.6522641064262027 20.659479724736105 -4.879049590509076
3.8223116811956928 20.03565582644907 -4.952073578287085
2.3424075020716852 19.738450154805047 -4.780140810031795
5.232515261678129 20.203805556282706 -4.939097254138999
2.711544777713904 21.719856252679392 -4.695331867532713
3.1205213574409805 22.585721800900863 -4.443843410286909
4.348076028169759 22.945839245302658 -4.432119229612516
5.652598108679975 23.13640840818872 -4.3784795532879395
5.6489405036704925 22.26019202911427 -4.917342512679516
4.647578693130049 19.310007173957487 -4.712473296400581
2.9562776497070136 23.576155053263903 -3.4868514999170426
4.951410036949165 23.594190371557037 -3.38266181878926
5.475026310318871 18.578650490789116 -4.173856882715945
6.458233716154347 18.902409129290863 -4.152446961352996
6.668324043784163 19.949331733768812 -4.559247331838943
6.882314601831108 20.929696770832148 -4.776993033513083
7.592168268351733 19.665169421076897 -4.0244820012529665
7.889962172712964 20.659419687909004 -3.991398790305781
7.884920866310794 21.54983839147344 -3.678272225871538
7.806395467404877 20.848938266209178 -2.7348504188349363
5.852275429258033 20.73607759759736 -4.957915077340954
8.115568191969132 19.427230313773016 -3.0907830935928278
7.611565883236261 19.436318972469216 -2.105322013686048
4.481210319006696 18.347621512734655 -4.183828174724194
7.46950084338373 18.42254630870345 -3.366002705456159
2.7329143458787115 18.524771159233964 -4.334491168540363
6.983738883228979 21.57431553014888 -2.228779998858232
6.2159466667877155 21.696770522441177 -1.697387333293581
6.0817647963531085 22.90541413166002 -2.490233999126973
4.844915722219966 22.849824906420377 -1.618831512675249
4.7369650705647395 21.677722693320728 -0.9264690923785399
6.695578168262489 22.935930428212572 -3.671088291187579
5.484984114089808 20.55608064361383 -0.9615641933209278
4.627941768768436 19.469536778372547 -0.3466252902146351
5.744830139461926 19.896671965913733 -0.9784706085859952
3.8066365125395176 19.648534353909714 0.04782991691485289
2.7622263424684443 19.670346677766346 0.6027149391898169
1.9777596885017248 20.02465545691127 0.8620683294589537
6.497363202169867 19.272661405294876 -1.3029226607008653
6.656302657593811 18.338037967571317 -1.2810105588313623
5.370469537482555 18.321673127734645 -0.5428201252553929
4.553791134521993 18.509540953337936 -0.10739901057343465
3.6076351437076197 18.56776150304433 0.46833000237185685
7.041722857667127 20.42757336571774 -1.8219463638928493
6.115224155806319 17.186533241028858 -0.7380462171847111
7.303172934791792 17.350305313301728 -1.5035044643487068
5.3018959763625 17.37865757193933 -0.3092847985136664
4.369821266822486 17.442070331420528 0.296454004939505
2.642524265392865 18.394447945946453 1.2126839924771065
1.921379669512512 18.808752914233388 1.5397134760520996
0.5744206399133477 18.730386292636233 2.2874445247445614
1.6251325844375253 17.651461675324057 2.215357073007093
0.9880727243826164 19.780999831681047 1.4486542831233533
0.16460546962620937 17.758664553439544 2.7782923992770767
0.455250538672335 16.660465536261118 2.9027829748260476
2.4944435384669226 17.54075058865729 1.63478855635504
2.339596753468223 16.50349947527142 2.011869186353901
0.26200813666231104 15.619929135095642 3.1050191521633375
0.3661365431311321 14.416981932459858 3.2624816012170736
3.356726161258706 16.963781450837036 1.150341293000938
1.4655111434964192 15.524744021387328 2.665526412269264
6.049854912932824 16.24652890553784 -0.5040064740934077
6.870870051114498 16.175103641141728 -0.9371968648714979
6.852290699242791 15.157430411127226 -0.972840510123896
5.757552598552949 15.207161615554813 -0.16260385530804275
5.703744959337493 14.126091153762623 -0.23362780993941992
5.999453655863745 14.05532222183739 -1.2123921672665077
7.822643279612531 16.149737917525538 -1.7629530562142337
5.101177090178468 16.292872229202093 0.10099761752317526
4.930887259792642 15.262647646978525 0.36613456204136197
4.668821427544374 14.066763783173613 0.617237024235699
4.66831448119418 13.207715721107231 0.5870961620151837
4.511264065747974 12.246131943271234 0.3526346697422973
4.276870283774753 11.310870041591166 0.5621473683790853
4.9403365003029345 13.03938422112265 -0.4588062242417452
3.0449146366816726 12.751464305030662 -0.4257606877641403
4.122048858064596 15.662814334286804 0.8891299416899214
4.007995151882041 10.220717075026755 0.6522714135695555
3.7377558930691728 9.163719862176286 0.7088386340829789
3.6676724674469074 8.158028554221442 0.9960610883081398
3.346408861835016 7.151088144207772 1.1842540708573095
6.924631138582672 15.236959547425066 -2.0047596384027706
3.8120830454309784 14.280161319935566 1.2282505708970282
3.631432622965285 13.244411606233268 1.455027345930483
3.728613697449817 12.188749044207114 1.4724519636714268
3.555448423285729 11.171524869335897 1.9016859332990006
4.071901931111895 10.050287626601769 1.8958222943247514
7.617369236223271 18.307847579572822 -2.08904405946606
-0.10823263631582618 13.510473521960812 3.7427316213173514
1.073621204357022 13.405229216930014 3.216759510308197
-1.3781343150675054 13.485776580400245 4.153420853767173
3.09582405474475 14.311147932672089 1.7826472194585634
2.991321934568072 15.275185479482847 1.7552777842857823
2.5757898905194243 13.133060466289962 2.2881371852173347
2.6960942349949137 12.219776814116514 2.348488515807974
1.620496761241519 12.316548236602959 3.1857814667386917
1.9423216636019895 14.38302242317112 2.5703601565412555
3.510597928804748 20.734986104489543 -0.11093029676709054
3.7143911845462485 21.831287078528987 -0.5321279655788422
1.8943092007700635 21.73793829498279 0.045938273730112944
1.1729550812105545 20.862400676077584 0.6621721825328775
0.31019762167305487 21.374983273023435 0.47818518313985336
-0.6693796110688265 21.213604851699074 0.6353016779251455
-0.845597815971014 20.172921384766827 1.5512464816769493
2.3241592416754164 11.150997119979618 2.970549479339737
5.565006433069096 14.877074199558173 -2.078735567142103
4.61875083649699 13.60957917315002 -1.1891155112010425
3.264632530190841 13.793813329310222 -1.318025127101128
-0.26638101518638735 12.59422998882076 4.268765012143116
0.4847915110453017 12.229189992868964 3.9908453341942263
-1.5331599084792809 12.122726767419149 5.017820446768309
-0.37193816315221706 11.366122593507463 4.91066472491927
0.34688870374390124 10.669761281750333 4.722571058449077
0.9626245500490402 10.091533475709802 4.479462454974315
1.354463318001815 9.1174539629559 4.44642951291083
2.0405238045462397 9.95485115955394 3.629466950563466
1.848362302878483 7.989170384691935 4.367818795094048
0.7117889174724186 7.858206866934804 5.164901652423999
-0.5808502852068564 8.082440439092643 5.745808096519799
-0.22881070032967263 9.044596808926588 5.455591131479045
-0.7785694080732796 7.037482219660375 5.985473735228972
-0.12584463690210207 5.8893664336214195 5.964417253526488
-0.9054076267258608 4.896253000594539 6.387931762563206
-0.3195028559168035 3.858514741200723 6.432269711573955
-0.5690955811909877 2.7679069332384 6.616490475332612
-0.9308241435841362 1.6214547728318984 6.7973790848752085
-0.9322051312751897 0.719315502123268 6.904051904596539
-1.5756637804629205 -0.22671386174689867 7.0769992159283746
-2.2175581758988003 -1.1593924965073887 7.173139914143631
-2.2626947863484936 -2.317784815186063 7.272104828438338
-0.9234867232151078 -1.919460464998561 7.2960303819791195
0.5536271830003017 -1.6310209365594845 7.009820802027816
-0.040843017373156265 -2.7941774759706286 7.257399653812526
0.2732935912216527 -0.528326516048023 6.894445257056723
0.8068586565056244 -3.373945849499984 7.067421229905388
1.9545459096796431 -3.540981758303817 6.658249394524509
1.6880537617867073 -4.827071371016681 6.777143653328249
1.9205747000800426 -5.957130013186129 6.745495545686078
0.36394981371455937 -6.802891039919798 7.36546721785914
0.02095427091794136 0.5049248349380792 6.736042062492796
0.6408384970173799 1.5581201751485145 6.389102889267678
0.8241814741943025 2.5897124788638117 6.207015361904407
1.0057960267211892 3.6224839036114296 6.010803588656124
1.275931790660418 4.729548680728766 5.671204464606732
2.122292197450994 4.5852713389203705 5.262015109990808
2.2489391003122257 5.623460867546796 4.821592101876903
1.3770892515464754 5.74092207440076 5.321414553758118
3.0913031593651623 4.535293828178018 4.70732901484854
-2.64033625193681 2.04836133518553 6.995129861579134
1.2532578222668034 6.7700876915661405 5.089808873931054
3.9592415121433486 3.4520287786554733 4.606574543515433
4.822928320305234 3.297670584214311 3.904979990192789
0.47515965305243857 -4.745534838734843 7.2012091131268035
1.5939027721537402 -0.7933665770960892 6.55335746936194
1.3134503110948703 11.112859031970459 3.8422125024953235
-1.0384362821391369 10.17858179513436 5.582390642408895
4.096975396141479 4.571822328147673 3.8487035469801034
4.798548492985697 4.391912846944039 2.7939252091576705
2.4120955128353114 3.480890065311404 5.4449847906133
2.2166240129364403 2.4203265494048654 5.739524117169617
3.980599292786791 2.1130533025511693 5.16317845736912
2.234195125843434 1.322751564176135 5.936894460930689
2.553681958345508 0.290051320206346 6.069974958884117
5.7261433523379806 2.41926992836467 3.421675809612891
5.415609033765404 2.064956492962387 4.233859063188153
5.928027676989767 2.332174038726022 2.4588990731277676
5.527182899304676 2.562812791490164 1.545103789738216
5.44758817339175 3.185351622872892 2.5974159674504538
4.852766291656266 3.7963839817575256 1.6853319817766892
0.6134003287158619 -7.921670871659123 7.277729148915768
1.7040814632098622 -8.500692737603412 6.765428361503452
2.7727120815772492 -8.007094095217717 6.324853426567595
2.5022274907999424 -7.056018682375278 6.531620167286747
3.5702873936297377 -8.655090891101917 5.735950828989533
0.6571406048273783 -9.187940313708118 6.984038656205133
3.0839518237778325 -6.07791701447791 6.2408153157061435
3.264730761137216 -5.060242985921435 6.135129101194273
3.4451708177465514 -4.047248343622539 6.058271489667797
4.048866503229992 -5.518886742605082 5.82303317541227
5.094583430718782 -6.298632788203227 5.4379661827428585
4.818335031934743 -7.2403105232097715 5.574462542596149
5.0055055817706195 -8.321365956401326 5.300954997348937
4.385366418338583 -9.092299787068505 5.1699240224703065
5.126189323654291 -5.2551593883161125 5.338752655637027
5.423027070959057 -4.029349991395718 5.190713631465385
6.0107335041685 -5.388347733597926 4.904297711650265
6.329568050753428 -3.8134660392371433 4.709314396237638
5.308596014746807 -9.504787285592851 4.369053695711326
7.1746886802682335 -5.4126617853789245 4.14123584445493
7.136147450797085 -4.434030077803764 4.138846470189118
7.350620051340539 -3.3378904669708445 3.8966828192664726
7.532924853833104 -2.297268511780637 3.567715515226606
7.625779641727128 -1.6540550851432263 2.7523279038517963
7.636576772952989 -1.8883877380466547 1.676468795261581
6.9582075990347345 -1.6349112522127829 0.513523164319285
7.475744415572633 -2.700289714600871 0.6211495274530976
7.497611079272015 -3.7477932375297556 0.24475518264005913
6.679970048371439 -6.618692581500315 4.6623694144021846
6.749748954503438 -7.4914804509598545 4.662017016469886
6.511455357594066 -8.598462483120748 4.437619227343228
6.418773197641057 -9.348540705775008 3.8378366784338143
8.035785307518427 -3.04807540724715 1.566616724860341
8.21558744832069 -3.9624164527789496 1.3297599590529454
8.24186780377677 -3.724376014664929 2.405006565249211
8.062929567538614 -4.959358741250443 0.683441378896575
7.500315897518566 -6.181955949709844 0.007575522088541231
8.056171332141663 -4.472163797532398 3.121040943922769
8.054690882935358 -5.409327705653423 3.226836709747664
6.871366117683626 -0.6442308914798216 0.9890610848101287
7.317971903960051 -0.9183712839836378 1.9221884577572899
6.480586348760629 -3.428817720350798 -0.5172021390182218
6.561671834083394 -4.471755768645879 -0.5356954689892985
5.949955658060847 -5.26740011543717 -0.7509067135989029
6.272466855790579 -6.482993792795189 -0.5337894501946598
5.631774709349168 -7.405411368166474 -0.49668052561501885
4.983667816848124 -5.681406174800575 -0.8574550440778055
3.680224097509335 -5.868414973543176 -0.8698103928027958
3.694452973503092 -4.887922401246982 -1.0846441248607435
4.795512575284299 -4.05688433855212 -1.0754797600826875
4.67797541558015 -2.822902485141703 -1.1954958156522588
3.5119708102412477 -3.2261473273570855 -1.3947744812619116
2.520939692207416 -3.585615702679216 -1.5008369613851027
1.52884030356919 -3.6482971253699934 -1.660600922136958
2.2218767137348467 -2.424447034445982 -1.8413001617894562
2.171620101380254 -1.347717049591921 -1.993496988339212
2.50831064327705 -0.4114024609051823 -1.8505636049376195
2.468461788713905 0.4991430566610969 -1.6433376944728244
2.9209918185844166 1.441406288786202 -1.0855864601339436
1.4166479028678587 1.4792976882293112 -1.6189752873499061
2.31432139009465 -4.605498343270722 -1.2711305076095512
3.1068036770635485 2.3424561614946486 -0.4617267382519941
2.2458499233444225 -5.769921966213857 -0.9451861808050237
4.248515781987922 -7.149678837634074 -0.5296108137843065
5.2874444319051275 -8.284881704709662 -0.1829462891649203
3.251747331398453 3.2138596657734477 0.2154716171422535
1.8055307523101383 3.1536460174825502 -0.4229735266168617
1.098593497899875 3.9761323338476373 -0.1400281110875225
0.0396878263701875 3.9432408110957926 -0.6246258989800475
3.2337423717082494 4.095065046342853 0.7380869662567671
2.837736595197543 5.162957084815673 0.965451349787956
-0.08931795693209779 4.859705066748101 -0.12276403868856728
0.09993136714521761 5.99383462341286 0.36460412687180144
-0.15008807153376746 3.0592405266677334 -1.3392954679046374
-0.9634663099326974 3.695602153318272 -1.229575145289656
-1.8179239318041303 4.358608858384781 -1.1485564540346833
-0.29132250409019245 2.1686125942753827 -1.9131721441095446
-2.136482113590932 5.612944888456399 -0.7740271084262742
0.7035187597641176 2.3756814529618113 -1.407334890123581
2.5170965478366516 -9.323339108456214 6.0131053102295935
6.320170007880652 0.4717479743704108 0.9177327248633245
3.130354722229052 -2.9868826961663433 6.214338539514717
2.7818462428086743 -2.007876431211515 6.327559839071356
3.0564961439027365 -0.8973895643585998 6.141068456111659
2.766195668683241 -7.464843298985842 -0.28348565026327743
3.638041223501385 -7.920911675549935 -0.1942109366034776
1.7887259619997062 -7.612617466257264 -0.15665903653711905
0.9157029381475743 -7.1591022328966485 -0.3132950200369138
-0.08987231245759568 -7.4849122384771904 0.16090207161797954
-1.0427518970937708 -7.43490859986448 0.6100765901183962
-1.8672625056235312 -6.804990638646184 0.7118929637793732
-2.6921794229707867 -6.131310217002858 0.8165517618795577
-3.5453867085143744 -5.547781346883406 0.896247513908508
-1.1498440704328567 -8.16336755868549 1.4421364273920863
-1.5123313798920008 -8.608141560105814 2.264304241930959
-2.270370899626439 -7.320711688703904 1.4982105660297365
-3.83532322186628 -6.144803433452952 1.630840705789897
-3.7738777967947015 -6.925420839309884 2.555627287499954
-4.779917653568832 -6.128013060508218 2.4723738431118383
-3.0278157909432553 -7.622732273940187 2.6003154007712377
-0.9555189655096308 -9.741795110237675 3.0752258193699316
-1.2704090727974284 -10.156553791574758 3.916153587527103
-2.267637161118736 -8.733805647418844 3.129088757980047
-1.9499145520287768 -10.090628052268837 4.897836961549779
-1.3230802367171015 -10.4627629431677 5.8317155415881246
-2.4088900625925693 -9.349409758173536 6.107166408614623
-4.343320554535385 -4.666117819838173 0.6048337522974928
-5.668794663609945 -4.555468728293165 1.1203200864657914
-5.41082047451406 -5.383839880484543 1.8385016819264737
-2.9300053199521296 -4.906115514914323 0.09892389007397523
-2.806597519808452 -3.805657701083182 -0.7181282041939996
-4.115582943456562 -3.3336156469121994 -0.37122320077833654
-5.159860968323849 -2.288218535458036 -0.4908921440158186
7.73140387203225 -6.5113502525562215 3.800917425387203
7.721304223743931 -7.517271208449964 3.818522330961361
8.407914171740611 -7.056951654649021 2.4636105560319015
7.456159916297287 -8.694487969277017 3.549678856669157
1.943370550151284 -6.721014297760838 -0.5985529543087531
4.367278181205111 -10.165898740363584 4.1520186922872275
3.317939015984728 -10.030265848264303 5.016396793217821
6.277487712954512 1.3609952367379656 1.8076236112857262
5.38087205125343 -9.452903483767791 0.42724952192426735
5.127138067988552 -10.357956174194126 1.6643796243624045
6.190663421530684 -9.899523097512862 1.2446005591547182
7.407656159066581 -9.304190756631993 1.4181187085719753
7.2500881048273245 -8.882491558843611 0.5814844900960096
7.323751575844264 -9.41376350227382 2.5725712792568007
8.398394539051516 -6.503176849546348 1.290676481023011
6.510764506121343 -2.154012946422602 -0.2245336310058403
5.411974757166656 -1.8005105797940129 -0.8542781398203979
6.180186555558733 -10.041756636094384 2.5151887125088974
0.718586210402791 -8.31072172689493 0.5028265349408592
1.5429929159863063 -9.045510415383156 0.8146823718730689
0.10545371171238949 -8.825922004011638 1.3058236814224211
0.6841769436048236 -9.97589871777367 2.1314399617894306
-0.22324027208414243 -10.177450168046011 3.005888161707758
4.1825185802450395 -10.619370867002857 1.7405442064455612
3.1776997709506256 -10.60663189021594 1.6492374863392063
2.5163175648203207 -10.299601089291457 1.4666242546037036
6.966484803985128 -1.227416810380144 4.020995607461742
6.803129650068069 -0.3616453289365862 3.911972895393281
6.004916233935194 -0.1980163715574259 4.857371375303997
5.094880845903615 -0.10751513294084136 5.428182491636782
4.001334964066153 -0.29458028649131796 5.818327328112248
5.013550472646873 0.9689944635698347 5.12552493128789
4.905361208031777 -1.149897489907986 5.637941921418971
6.126423092883907 -1.2353187200800622 4.9204795901483624
5.449233420006306 -2.556358702051232 5.3032613315657695
6.981401761457969 0.016641586284468823 2.696982422028519
6.651576079285234 -2.2177911051022967 4.568916189169974
6.1978120444310205 0.938645092886096 4.077888562272646
6.415084322377459 1.2681128720449375 3.235609702222658
5.34537584459802 -10.2045962395548 3.277199383182955
-0.659469040381655 -9.666478931832891 6.9017919923045135
3.3974465254191433 -9.216797785400026 0.4082705182292128
4.202294704400208 5.653949977325018 3.0124780250036354
4.310129612221088 6.232758113158979 2.076643167427428
3.5436781142788054 6.860873171198651 3.273933459980096
3.845950997801453 7.837275429094341 2.6216607857693024
3.7357316153154985 8.809666392091785 2.507689368859964
3.0367522492249504 9.990629986858849 2.7494869605343037
-2.898277813146856 -8.875642824177877 4.518664961182872
2.801932571217318 8.403567812461194 3.445604903424427
-5.292085508645027 -6.119673052677406 3.6165135838013382
6.825511166107011 -7.746315351007605 -0.14695750984927308
3.3203030873455748 5.691787036334586 3.9910858831965186
-0.5469868741635948 21.934928263054083 0.02393616090442091
-1.6181947033267319 21.532338648284444 0.20807779552635042
-2.542545512876281 21.434969667851057 -0.10360978157042483
-0.43605600774350745 22.631671245180453 -0.7992898296570681
0.5286522820930343 22.654606917105685 -0.4820713167972491
-0.4332756523078028 22.823755695711238 -1.766798344484684
-0.6207050143928163 22.112394573104694 -2.867570039359407
-1.9999905224461083 21.89045093869057 -0.9651361732977706
-1.5324935732661393 22.02544172450263 -1.9163251702490938
1.2382893925988394 23.482495940541877 -1.4354593882061806
1.5391943977229552 23.67885484962516 -2.5801865106466693
0.40506164952007817 23.004648867596547 -2.7823094089848315
-2.999678496183206 20.711731889020975 0.7987096720882216
-2.753478680873257 20.15452257234879 1.5730218190677618
-3.8174563084269084 19.769115923195304 1.5236688098425129
-3.4965589767291743 20.924349057474263 -0.21179677550145823
-4.381399090941259 20.168736583985982 -0.3611601108755433
-3.106495349428073 21.10542417009643 -1.1241268326028218
-4.787248810527768 19.613771823526356 0.48585795477450056
-3.756587600950345 20.314532837640545 -1.3246756169493323
-4.139091665644595 19.322650071204404 -1.6527472694162308
-4.880498616164964 18.9303934905167 1.3177842036412895
-5.383081809539378 18.0461087167708 0.9934068837856307
-5.097405559659041 18.3912284785553 -1.2416548051312817
-4.79165645680293 17.41490304615066 -1.8640763835583003
-4.767522292273842 16.279827205595396 -1.95362691617116
-4.6072787471577055 15.317260589502329 -1.8573751151451179
-4.538576836765712 13.923586531790924 -1.8245171831390472
-4.886292173106931 19.437638008128875 -0.6229186924482568
-5.845591465682153 14.109910058827428 -1.4563785466091428
-6.516973704679984 13.994215917462707 -0.20892625857038058
-4.067372312045329 18.34953968224874 -2.055099524630315
-3.0545015182289954 18.427422330263067 -2.517843984208329
-2.2247432757219037 21.132596337885857 -2.1746045986847573
-2.881394409189573 19.886577663674377 -2.30962594392282
6.624955361857826 16.460796002279004 -2.728885132940081
7.489005811885807 17.41303272639761 -2.728860631635288
6.08266093347814 17.645588107144604 -3.4624879275241085
4.530705500984299 2.832808834738361 0.6615448365806067
4.46093776015537 1.9977259436010915 0.024598052951513794
5.364453805336004 1.3221870688353379 0.317524284490052
4.265025016163075 1.0868867406493137 -0.6358248419223544
4.126399743988883 0.19298932768585253 -1.0907348686329819
4.9072286952597 -0.5454928133671092 -0.8967046739617595
6.027501609585314 -0.2387120654916406 0.05698764574904058
-5.289531379160936 16.91084951252212 1.4823413119645692
-5.0439710624815435 15.77089811461234 1.8430034179597279
-5.5942392528990865 14.86742704668918 1.5331945071366446
-5.785009399412992 13.840352355069971 1.8501598651118771
-6.156329348581125 15.236700376908708 0.17301546542715784
-6.016330276971063 12.932036659426444 2.287013580089077
-6.768483505250243 13.196687978065295 0.5990721396969865
-6.980981019598368 12.126844705179046 1.3117826666501888
-7.0536841005072635 12.443860160486594 -0.6166448057717072
-5.662670338594082 12.573481137682926 3.05126341655581
-5.077877841395513 12.297149083636544 3.958354931399141
-6.107769424872252 11.691587471111486 3.210914327497517
-4.88081373272885 13.42353478541575 3.202794473979762
-4.383789761611329 17.646454329217267 2.2279357074628985
-3.9662402710175173 18.58658893667116 2.2196665577863977
-6.379271540877972 10.608253257271066 3.7061137625832012
-6.8977605814018785 10.79286057421892 2.716597216692273
-7.427680726990231 9.794330839011579 2.4350902645785206
-7.287792431851281 11.05114761257753 1.549399996373892
-7.604814870852122 8.838482090170181 2.823434145150438
-7.81270247877456 7.872697242598594 3.185902415752726
-7.3481861695962305 7.5435215877387725 4.046113274570465
-6.813037349884004 8.43016683288176 4.317952487551118
-6.64204517562625 9.360125109598407 4.088728682467931
-7.977758783553749 6.412877228136437 3.7208300752454395
-5.65065695894691 10.205588427809083 4.755908268961367
-5.2395034228952 11.098294699752039 4.652292637539824
-7.089059197750468 6.307361083121613 4.777787194593377
-7.421794978367951 5.363565924787747 4.779110054158868
-8.001088450749064 4.4942563629536005 4.454533915509771
-6.484671938168934 7.220873694574644 4.984994009714858
-5.932838990763462 8.110896784451441 5.22082315787927
-5.396070151576993 8.926839361007172 5.374599564622974
-8.321681383507546 5.197497212426018 3.7247434658170997
-8.555464945093192 3.6684336491558054 3.8596048863076637
-8.789090072931518 2.57695967066576 3.840165579127653
-4.613949819042432 10.010368930469408 5.539321205083515
-3.8429230808111905 10.767738912031199 5.560704169297742
-4.1708840848697815 11.972313627958858 4.874520280778288
-3.34094852764143 11.305404848056579 5.487751487345863
-2.9571159655309995 18.968064042748 2.361768573190882
-2.2213188084020588 10.898439675674926 5.661452505449782
-4.336123180019603 16.58103516119389 2.3701071205413706
-3.43928121138124 16.407363274343012 2.8256772835146755
-3.848228239018044 15.387554016866186 2.7857078914553846
-3.7768267659270145 14.22884116455991 3.368079132812378
-2.6408319738787096 13.985112939604523 3.9008812055150166
-2.620621190153008 17.254844580563596 2.9522272208724063
-2.143217694660053 18.164473242293305 2.8408397446287674
-1.0876691102293456 17.39858323200192 3.0217387751739606
-4.717959131276461 14.651095898131192 2.521646072190099
1.2019089306425526 -0.1185731869403327 -2.1707083573042265
-1.263201120140992 -6.200561751989768 -0.08427618872290898
2.74754951628964 6.252103779581457 1.0968208721317232
0.09790028031999481 -6.3896396229653005 -0.5872196063043537
0.5735068729867293 -5.476758929321942 -1.0582811735396374
-1.0370276007981372 -5.062773263988432 -0.8213992524420588
0.29981131826730484 -4.136426015352547 -1.5560073838220954
1.3877296276582136 22.913783349160862 -3.633039604277279
1.2172988824312219 21.409585729252548 -4.33239719615466
0.33153837766748884 21.705812503908472 -3.8295421178292557
-4.7199613236951174 -6.572727677601123 5.045257382450918
-3.862492798778559 -7.566743010848178 4.315630071026674
-7.233319535845874 11.440255178430522 -0.5891463322151671
-7.415354289819678 10.302577272472693 -0.28589455623502824
-7.429199827162599 9.331608178361147 -0.13344348274294598
-6.944161365131655 8.311537602184544 -0.6918864983223325
-6.722144604341389 7.302237003476429 -0.8214114705463607
-7.849247429706928 7.747271171401709 0.25308819814696937
-8.020416808727202 8.434264464533449 1.6492562205367622
-7.638517736733687 9.86414293641036 0.9538301935493914
-6.687365136567413 6.239320052901882 -0.9021260942317182
-6.661909082932485 5.183785586675747 -0.982688446326513
-5.480484145831912 5.0759614777995266 -1.3879709735935521
-6.115553970196892 4.137286538385652 -1.2649942802187712
-5.596820742694617 3.0693610939921565 -1.5260771365824761
-7.0551886692095405 3.182440958989588 -0.7409476577812193
-7.036678466748711 2.005294520377957 -0.766675837328445
-6.723288208137573 1.0942415592127823 -0.9375863620945146
-5.760657669512544 2.0547428576875824 -1.51689971134146
-6.339758323371166 0.04678333579113389 -1.0229706911686112
-5.505939963240681 -0.39826256035678775 -1.326797898563214
-4.366252931403265 0.14542199072022718 -1.982504473302103
-3.6147618650558235 -0.4283233861685438 -2.099686875670163
-5.209285681558556 1.042066725469895 -1.781638730485396
-7.431828378274314 -0.057235291000355515 -0.2122696466612948
-2.3689292017175503 -1.4497196130533785 -2.1193571781307963
-2.7796770760269034 -2.60153806321219 -1.4960917335487103
-3.8759093506429467 -1.9352678497650468 -1.331772424299195
-4.997777870668267 -1.263098746237225 -1.1828996576767996
-6.6087290534006105 9.996564550122294 -1.247915128495613
-5.8469312903337585 8.9271029048708 -1.3497527028987535
-4.69974637935353 7.658417895893636 -1.2338227128965804
-4.297262575564947 8.983058230262003 -1.3570581417729222
-3.473910745601651 9.854717341498098 -1.2943572662910359
-3.3943128508731872 11.42592076774406 -1.5097026052323737
-2.8418099027325123 9.150851099485791 -0.8780784022832663
-2.586212849691546 10.743606529536493 -0.9936541436946402
-1.9785609061842424 11.560541323184985 -0.8031834798923375
-1.2758481466312204 12.42195954631853 -0.702544225196041
-2.2119553157404037 12.688200617463842 -1.1069767693252035
-0.2883718283618096 12.764757135119275 -0.6330072768197414
-1.681092891855829 13.76769787160778 -1.3328031694384306
1.2624363111145607 12.956184038296918 -0.5846946930898275
1.3612101553407088 14.048887892455234 -1.4341954139272788
0.003975371822202228 14.4661681133887 -1.733610054810444
-3.3134061430028154 13.239482206942558 -1.619053184686012
-0.8853620395933096 14.834579273777695 -1.9931850167589937
-1.8853870183792625 9.073898553087023 -0.3207704965048217
-1.2168100265540926 10.266611452576907 -0.10039505504538582
-1.0184377915284446 8.630871136510134 0.1956326156033238
-0.03422171450568673 8.951620866162973 0.6469753198974821
-0.5085371157473575 11.072722686110527 0.0074073079447771195
0.44289142540354454 11.481321569294476 0.13917733084185613
1.4431973003463132 11.747941004502163 0.16111071577257285
-4.226855575851781 11.749504174410376 -1.824134912456745
-5.487591732932661 11.339644527754189 -1.8754036686421742
-5.041380614516127 10.217955352152124 -1.7454666985503793
0.8259101075754092 9.769090915180723 0.7519821646237974
2.3717929640164095 9.474309754210953 0.7908254977471862
1.7782905840728567 8.245936012968958 0.97081332011993
1.7261920803292374 10.640023902204138 0.6122919293353344
0.02279661660013521 7.849768092700446 0.6306512555492139
-0.7488809698138326 7.032753842656949 0.2072541770517614
1.0760338775411153 15.169251241875081 -2.296991833779675
2.325334480077903 15.051407232694622 -2.251974644990304
0.24262253860750704 15.86064926982208 -2.725477801878861
-0.6331856956535411 16.298730400227967 -2.884575141501002
-2.1072990837436203 16.026232133949193 -2.5842597147932604
-1.504181472864155 16.756776408936627 -2.9274901226538255
-2.648237926109309 17.153766843279943 -2.6963591099142397
-1.740038465529875 18.11025246274014 -3.075643243552948
0.026784718797358553 17.832142443814654 -3.5656305216704967
-1.4057207848432827 19.037612724792275 -3.300185279038386
-1.4453591635168919 20.14990089388678 -3.243177707694554
-0.1611647852252676 18.998815971258637 -3.87685434954855
0.9515127298288091 19.180995080051048 -4.29995029919318
0.024399006481897384 20.04168469543296 -4.099851044080727
1.2689993881767958 16.29162753100907 -3.012594783401136
2.202370002579917 16.181847514145634 -2.958289764791381
2.5393485005493166 17.362500987535704 -3.6225436305514878
0.3901048190262896 16.713219852197106 -3.1846715787717796
-7.77917181477413 -1.0177547632223 0.4122477745048221
-6.646481999586526 -1.1358413902335311 -0.34562539692717037
-6.875736014787735 -2.275591832617474 0.38579861869012744
-7.700780614385727 -2.155010045033636 0.9156397724129002
-8.525291206344228 -1.4591454584765509 1.3706382065475442
-8.74247673719405 -2.350522780073957 2.61327039026979
-9.255820124028052 -1.0176362488776247 2.8363886956308786
-9.287831340901118 -0.22142370834638692 2.9961693902910884
-9.08328542328918 0.6607290514284407 1.8159232200524615
-8.632159511940309 1.0959150379993678 0.9957254360418366
-8.36645050501189 -0.0850170658841316 0.6974720763199245
-8.846142786834609 2.053954744818583 1.6277701347683313
-8.730035019673934 3.0790558096329717 1.5806977327118286
-7.9270355904826655 3.184536654553067 0.13456152898707585
-7.9717262628854755 2.1595366129799576 0.1430178015294602
-8.377100888892631 4.179618610980906 0.7981903793988789
-8.215284939403716 5.132781379195012 0.45798602316218506
-7.994036800259175 1.2856879704772934 0.14912912244636067
-8.15334287986243 6.269577456630643 0.4193994867440165
-7.55392884998501 4.185090005654477 -0.36906451342530466
-5.5620565123911145 -3.242689370851397 0.23227343586055937
-8.743743814841096 5.0367088875200094 2.1543266799542735
-5.69500927114123 12.404355571188063 -1.7746298749731795
4.291616300510571 4.832095341243852 1.663657909543389
-6.142581723200191 5.862097537364165 5.631894809170976
-6.482003042434565 5.043854768478045 5.623814888702682
-7.040584217489231 4.151696510203152 5.406882694274427
-7.708909317479068 2.941726324710895 5.125618919947883
-6.728031996917255 2.9946627512602313 5.795601950648415
-5.886361552345068 3.1107577705819534 6.222151795112515
-5.275959461213128 5.771048992291112 6.111162302866835
-5.53727386195285 4.300006036451991 6.263995793627674
-5.134858600925272 6.947606945313858 5.929764733908602
-4.695994912908618 7.757371172772022 5.953707380347659
-4.567328969519957 4.909858431470222 6.486057762093397
-2.8317692807481305 5.230640680755848 6.586225290382274
-6.4693074416513445 1.8885938157298592 5.951981091454242
-6.910808158808996 0.9842803040638884 5.684370720631956
-6.1672460910460645 0.7902871917782207 6.020523641862512
-6.828634766522058 -0.04980144129059222 5.614876027613784
-7.249787261822305 -0.9564579534583326 5.339756271138162
-8.49505448486472 -0.6066341734448399 4.636299819014573
-8.58249996238943 -1.6887043621790119 4.364251236713048
-7.185199807686688 -1.9884226562524159 5.276232659272969
-8.322912451137867 0.36325374170574676 4.808618534304678
-8.012876069698663 1.6461176204144574 5.014572983879165
-8.27237330083863 -2.624109768539178 4.152378340332865
-3.2574611480136926 6.39119534120078 6.374720325916877
-3.0766659410029793 7.409008229393903 6.268235253282586
-2.875667407148839 8.374743612039556 6.1724875135299175
-2.7141070915336245 9.45289949295588 6.0077138416740725
-7.045596514472595 -3.0285121259960253 5.182135094467924
-6.957422545474098 -3.8968689214181707 4.8584892290698996
-5.839822462688897 -3.3754310802382888 5.909420383515888
-5.350597173324511 -2.4804227771421177 6.180882595087309
-5.690453753642707 -4.418143131091395 5.820159092064401
-5.363172612937594 -5.442853981618644 5.617526778786182
-5.04387524906662 -3.603109407289829 6.382032622509916
-3.9899382640267356 -4.2918010413016345 6.864662610724685
-5.848555648977443 -0.975054395376256 5.955634212160717
-4.837643192512765 -1.57924209590786 6.393421499807226
-3.3309157988599405 -2.824679578252074 7.068551861433987
-6.966824498191368 -4.688091977270267 3.8312468433384828
-4.290034730689143 -5.808632784477334 6.4169409120241285
-3.5648601193103313 -6.011629745930533 6.8225329235201135
-3.481332912255068 -6.963552572863091 6.482812987385549
-6.248491839306944 -5.105914517952637 4.673975693208809
-6.335234446140902 -5.312318224394747 3.25973067905546
-9.140393767001932 0.7162118591229725 3.65212805857068
-3.070764889294773 -8.158778688154278 6.22422104257981
-7.917412134026494 -3.582007173939168 3.517815494924834
0.45667872153685474 1.0368448601970184 -2.10997025979047
3.8225677200460613 -10.835946514634667 2.8837383302105843
3.1330953938022192 -10.809157835136617 3.8890961408310902
2.158621442442119 -10.824054485342142 4.561963215799311
1.2907233457613103 -10.728536286196611 5.352165272069621
0.19530164295230829 -10.694219953744568 5.917307445156243
-0.18105099832022425 -10.936111978287812 4.786897615747211
1.72018171891385 -9.938323182033034 6.130861472373268
2.5629890286818173 6.824035516689868 4.160969535983907
-7.033219606470453 -3.39309464001886 1.1513059608859637
-3.463803083397843 1.1718631222879683 6.931029169407276
7.106440939962833 22.032368718625634 -4.600621454589531
2.7187486973014523 11.563254113897784 0.19036670291508084
-2.881113065602189 3.137917573520396 6.884983641649777
-2.6997680607316354 4.160422924354652 6.751502877643067
4.546589660879859 8.410703339131285 1.5838523968383935
-5.911345173736377 17.358184272787607 -0.4049823003843864
-0.6971887498889466 21.08425813640502 -3.4569368912691925
-2.79353435561939 12.630205104393568 4.8463491911394305
-3.9894189443293535 13.115097111561063 4.135951918541143
-6.992749881301237 -4.510273125774693 2.434004135890917
-7.915379141939825 -3.3684788653302085 2.122324068733052
0.41062451410673406 -2.0346711637852524 -2.227179758343874
0.5650960628902292 -1.0078815568149606 -2.324076365953343
0.2008014964015613 -3.066586969109826 -1.9783293025447488
-1.3109282636872908 -1.7874463228831656 -2.245685364592253
-1.512310324423477 -3.3491867729233284 -1.5929708436728844
4.050986205030389 14.750931724649408 -2.1094953313076292
-2.9451424340782486 0.6718855340486554 -2.4033202701737597
0.755531870534818 -10.968477383632656 3.8485972459161397
1.7096276532847565 -10.903899526273076 2.927504481355137
4.026053897864671 23.688701677920392 -2.433330438612068
2.6136823325868677 23.75215855946016 -1.975190192769183
2.18404909491782 23.051643958153083 -0.755617640800829
3.44302855133951 23.012205318243065 -1.1156681608479442
-9.06007737169914 1.7634008108460262 3.4824073032702767
-1.163637517954316 19.123030300781053 2.40001998784662
-3.573935380293961 15.79346973974058 -2.2489822683651113
-2.2809127600954087 15.025454389678096 -2.091362647047597
4.584638946509431 17.099771540860658 -3.341943203979989
4.054254085511052 16.005737454534927 -2.8002015011813617
-8.622166949477087 6.015674011331966 2.3269690437503696
8.113862008335595 -8.22939811614254 1.6193246974116409
8.492817335166045 -5.295045430134393 2.137099515246189
-8.347501938976059 7.0492148908560655 2.036341173118484
-4.113161792816997 2.1080962427958267 -2.041301829931448
-4.731594508972906 3.9517762332512887 -1.6283910768840362
-3.634680939954431 4.747428374557382 -1.415651854766479
-4.381522205643733 5.889096235701827 -1.2758090726199844
-8.77604083258387 4.041784898003661 1.9807285891272322
4.550204934315359 21.448989320706332 -5.040619475371189
-2.8848768122744066 3.6310482058865463 -1.7009744827308189
-5.981708953216062 16.288124335536796 -0.11654144299395369
-4.4410910203876535 2.410626948278274 6.758393438050575
-3.1157204722504384 6.631397790940325 -0.9343909341006026
-2.476575520767161 7.750626566032776 -0.6258052683536413
-1.118233318564669 -8.79332968895816 7.143446392927609
-1.7739520257084112 -7.682530952620892 7.244501069490689
-1.7267787064973896 -6.5053001312802134 7.391724351393272
-0.6584686567358549 -5.7730358394352015 7.430184246403978
-1.5922677586500538 14.816863920170107 3.4427625926994008
-1.5849817507010902 15.93833404587588 3.1909674248473436
-4.3826394579752534 0.3334072201185271 6.667074754417358
-0.6380941144441968 0.25946363359702684 -2.4278218743166526
-1.3833994327663894 1.41424063205422 -2.3633958300577187
-2.132991152224127 2.5324336809134937 -2.0885026839678282
-5.076554630508097 1.5328343399104243 6.538775366837249
-1.7399196536948893 -0.5781116188970937 -2.399377850544795
-5.179279479651117 3.6261455350438974 6.473373722833296
-1.3293662786957288 -4.196018308823663 7.394820129414076
-2.9325664431177514 -5.160892165633672 7.19779830484181
4.752773449432445 -3.165609910834719 5.570037373085841
-3.9603259850681023 -1.1165668908043183 6.7683511832278604
4.142240833010786 -1.4767614505041116 -1.385935849555495
562 565 581
30 29 98
98 29 627
466 463 660
618 466 660
299 291 292
291 290 292
316 186 318
619 618 617
359 360 609
64 61 68
451 472 641
472 451 447
561 560 559
582 576 583
291 299 321
127 128 130
127 130 133
126 125 148
398 397 396
387 398 396
546 552 554
277 265 267
267 265 266
199 198 181
463 469 462
303 622 304
622 303 623
245 243 242
661 556 553
289 166 165
302 304 269
540 447 451
217 220 218
533 536 531
336 347 348
336 348 103
622 599 304
304 599 270
150 158 160
158 159 160
576 581 565
11 7 6
10 11 6
396 395 391
342 337 336
168 167 166
168 166 373
333 635 294
635 333 296
650 651 587
651 586 587
461 462 469
468 467 280
621 463 462
430 383 392
58 57 653
553 547 548
461 464 462
462 464 638
462 638 621
602 276 613
604 7 31
126 127 133
588 574 584
584 574 592
295 285 200
523 460 461
583 576 579
275 277 276
639 454 453
640 639 453
172 137 138
663 580 586
296 333 205
436 278 279
497 496 495
640 641 647
503 246 648
416 572 417
280 279 278
251 252 153
36 48 42
651 652 662
539 536 457
389 385 391
637 400 449
637 449 448
521 507 512
658 245 657
453 454 452
640 647 246
173 171 248
33 32 97
35 33 97
351 363 353
130 129 662
130 662 132
362 495 544
495 496 544
523 524 522
610 514 368
368 514 369
558 560 659
342 368 352
337 342 352
455 638 459
459 638 464
281 542 524
566 563 562
236 239 238
540 637 448
658 644 243
243 644 244
401 400 404
400 637 404
472 473 648
648 473 476
268 263 271
420 348 349
445 450 444
344 339 626
422 381 424
423 422 424
472 471 473
111 109 108
424 425 426
653 424 426
141 142 123
375 289 249
289 375 166
625 627 624
625 624 10
398 443 444
398 444 450
518 504 506
8 643 6
643 5 6
474 476 473
540 448 447
1 0 643
0 4 643
511 509 510
599 597 598
598 597 600
447 471 472
454 455 456
456 455 459
476 474 477
417 419 418
471 497 473
360 361 645
361 364 645
639 455 454
268 264 263
47 59 76
68 47 76
445 444 470
480 479 478
215 218 212
665 128 603
128 127 603
618 615 617
228 247 235
373 234 238
470 471 446
446 471 447
91 82 92
92 82 76
621 638 658
355 363 351
424 430 425
389 391 390
5 438 10
142 141 159
141 161 159
657 660 621
660 657 656
482 481 479
456 457 536
535 456 536
468 463 466
468 466 467
11 10 624
452 454 541
151 163 167
22 43 38
522 465 523
20 3 643
625 626 627
367 510 366
468 469 463
2 439 0
43 27 32
148 125 124
22 87 21
21 87 24
424 381 430
519 518 520
55 59 48
339 99 626
86 85 329
386 385 383
72 605 75
122 120 557
167 168 157
198 197 180
181 198 180
477 478 489
478 492 489
521 506 507
18 604 31
63 62 61
181 182 187
560 558 559
576 575 579
565 575 576
442 441 332
542 602 524
557 569 556
265 277 275
267 589 277
602 542 276
549 558 550
634 543 413
413 543 414
417 421 419
298 297 210
219 298 210
246 647 648
177 176 178
284 296 636
207 284 636
657 621 658
428 429 629
83 71 82
71 70 82
469 281 523
548 551 553
101 52 100
304 302 303
303 302 301
307 303 301
615 616 224
297 298 379
194 297 379
493 483 494
112 154 109
277 589 613
267 332 589
253 286 216
250 314 251
314 250 664
281 468 280
299 295 200
173 288 182
288 173 248
182 181 173
181 180 173
602 614 525
531 539 532
385 387 391
387 396 391
402 410 411
580 585 586
524 602 525
574 573 568
302 262 257
147 334 145
199 285 283
24 372 13
201 195 193
85 94 104
455 639 638
639 644 638
225 226 377
131 153 133
185 179 197
311 313 312
285 295 635
9 23 25
516 2 25
666 220 223
220 666 219
254 232 233
448 445 446
445 448 449
540 451 452
540 452 538
647 472 648
539 465 532
446 447 448
523 465 460
561 562 581
575 565 573
277 613 276
538 537 543
460 458 464
457 458 539
458 465 539
551 646 661
646 551 659
465 458 460
566 562 561
559 566 561
27 29 30
177 183 184
456 459 457
421 572 155
567 558 549
440 517 610
530 529 590
407 546 410
406 418 390
482 479 480
454 456 541
358 359 609
490 503 648
490 648 488
478 475 480
637 540 634
127 148 603
470 497 471
525 526 522
28 11 29
11 624 29
54 654 57
470 446 445
457 459 458
507 506 487
381 380 645
641 472 647
451 453 452
246 244 640
555 412 411
453 451 641
569 554 552
387 386 388
609 360 645
641 640 453
148 124 606
572 118 155
155 118 119
519 633 505
280 542 281
385 386 387
361 362 364
88 58 653
563 566 590
529 563 590
504 518 519
606 607 556
661 606 556
468 281 469
244 644 640
583 579 580
426 611 90
69 64 68
506 485 487
544 388 364
388 544 443
124 607 606
660 463 621
638 644 658
644 639 640
178 180 179
461 460 464
464 458 459
469 523 461
171 170 248
250 177 664
613 592 614
602 613 614
265 261 260
275 280 278
575 573 574
312 314 311
659 655 603
542 280 275
542 275 276
199 200 285
536 539 531
84 72 71
84 71 83
281 524 523
567 549 415
99 101 100
275 261 265
279 280 467
432 259 260
497 495 475
452 541 538
581 582 655
502 490 491
265 260 264
266 265 264
583 665 582
577 588 578
588 332 578
216 286 231
192 191 203
663 586 651
172 169 170
178 175 180
332 266 442
301 300 255
323 301 255
257 300 302
278 261 275
261 278 260
278 436 432
278 432 260
235 236 238
660 656 618
656 616 618
315 311 314
498 491 492
492 491 489
147 145 144
378 666 377
12 632 23
120 122 121
567 559 558
527 525 614
537 538 541
535 537 541
530 533 531
522 524 525
34 32 33
402 399 400
512 511 513
383 385 392
385 389 392
578 332 441
404 637 634
655 665 603
526 532 522
402 400 401
549 550 548
420 349 394
267 266 332
551 661 553
400 399 449
535 534 537
404 634 413
655 582 665
543 642 414
427 429 428
560 561 581
534 415 642
642 415 414
120 118 571
571 118 572
120 569 557
569 120 570
408 409 548
409 549 548
537 642 543
534 642 537
541 456 535
540 538 634
538 543 634
532 465 522
528 530 526
583 580 663
565 562 564
562 563 564
564 563 528
534 535 536
533 534 536
592 568 527
614 592 527
530 528 529
528 563 529
152 652 138
137 152 138
531 532 530
532 526 530
527 528 526
399 397 449
566 559 567
580 577 578
580 578 585
525 527 526
613 584 592
568 564 527
564 528 527
161 160 159
123 122 607
124 123 607
577 580 579
414 409 413
579 575 577
549 409 414
549 414 415
551 558 659
576 582 581
521 512 520
241 240 246
241 246 503
57 58 60
589 584 613
330 591 442
589 588 584
268 266 264
90 611 110
131 130 132
470 444 443
577 575 574
588 577 574
565 564 568
592 574 568
587 585 441
585 578 441
409 408 413
262 258 257
568 573 565
332 588 589
600 248 170
174 600 170
284 282 283
282 284 207
646 148 606
587 441 442
587 442 591
140 141 124
139 126 133
272 330 270
169 138 650
138 651 650
172 138 169
415 534 533
415 533 628
266 268 442
599 273 272
270 599 272
622 596 597
599 622 597
649 650 274
174 170 169
131 133 130
665 583 129
665 129 128
270 330 271
587 586 585
591 330 274
202 201 203
310 309 319
316 318 315
315 318 308
368 342 343
497 475 474
646 606 661
53 50 629
429 54 53
154 95 109
168 545 157
420 428 629
507 508 509
508 507 487
398 387 443
443 387 388
367 366 355
412 416 405
476 477 488
53 54 51
593 656 657
593 657 245
50 49 52
426 90 653
71 74 65
71 65 70
600 288 248
198 199 283
649 322 174
182 288 287
182 287 187
581 655 560
250 135 177
659 603 646
646 603 148
416 406 405
569 552 556
90 110 108
101 339 335
339 338 335
515 514 517
517 514 610
124 141 123
659 560 655
545 168 238
127 126 148
331 601 326
326 601 334
445 449 450
607 557 556
234 235 238
424 654 423
654 424 653
121 122 123
226 228 227
241 500 433
126 139 125
426 425 612
410 546 554
410 554 411
117 114 119
114 113 119
429 654 54
418 612 390
612 425 392
94 95 104
411 412 403
590 566 567
590 567 628
551 548 550
558 551 550
402 401 410
401 407 410
481 482 485
554 569 555
555 569 570
53 629 429
391 406 390
545 324 157
324 156 157
156 151 157
341 346 440
411 554 555
421 110 611
419 421 611
411 403 402
395 396 397
120 571 570
607 122 557
404 407 401
530 590 628
483 484 107
483 107 75
628 533 530
111 112 109
567 415 628
556 552 553
552 547 553
552 546 547
427 654 429
413 408 404
365 388 386
99 100 37
481 492 479
407 404 408
408 546 407
408 547 546
408 548 547
346 438 440
449 397 450
397 398 450
50 52 103
382 384 365
382 383 430
377 376 378
406 417 418
391 395 406
392 389 390
509 508 510
508 630 510
50 51 49
495 362 486
405 395 403
382 365 383
383 365 386
362 361 630
474 475 477
427 420 394
420 427 428
25 2 1
42 47 41
334 147 156
572 421 417
423 654 427
482 487 485
89 58 88
4 0 439
60 54 57
95 93 89
498 501 499
381 384 382
403 395 397
631 486 362
416 417 406
502 241 503
571 555 570
406 395 405
518 506 521
108 109 88
109 89 88
654 653 57
490 502 503
111 110 421
162 161 140
140 161 141
488 489 490
178 179 183
612 392 390
380 609 645
418 419 611
120 149 117
149 120 121
155 111 421
359 630 360
51 50 53
112 111 155
119 112 155
489 491 490
399 402 403
337 352 350
412 405 403
555 571 416
416 571 572
338 343 342
335 338 342
358 363 355
358 355 366
555 416 412
397 399 403
426 612 611
648 476 488
393 427 394
351 353 349
351 349 347
629 50 103
611 612 418
58 89 96
58 96 60
493 481 483
475 478 477
514 513 369
650 591 274
354 355 351
111 108 110
425 430 392
423 427 393
88 90 108
439 2 516
147 150 156
653 90 88
633 632 370
105 633 370
380 422 393
420 629 348
477 489 488
52 49 37
496 497 470
443 496 470
352 354 350
354 351 350
337 347 336
365 364 388
356 357 393
357 380 393
380 381 422
348 347 349
356 353 357
620 105 106
510 367 511
393 422 423
341 610 343
343 610 368
363 358 357
382 430 381
513 367 369
393 394 356
625 345 344
337 350 347
357 609 380
353 356 349
394 349 356
350 351 347
357 358 609
645 364 384
97 98 99
340 338 339
367 355 369
369 354 352
368 369 352
10 438 345
625 10 345
440 610 341
544 496 443
355 354 369
366 359 358
366 510 359
97 37 36
37 97 99
353 363 357
83 91 93
632 633 520
23 632 520
345 438 346
344 345 346
513 511 367
481 484 483
510 630 359
49 36 37
439 516 517
344 346 340
344 340 339
627 29 624
513 515 512
23 520 25
285 635 284
285 284 283
348 629 103
480 486 482
381 645 384
364 362 544
517 516 515
36 35 97
630 508 631
630 361 360
479 492 478
631 362 630
497 474 473
87 39 45
39 87 22
364 365 384
41 40 33
68 76 69
118 117 119
631 487 482
484 481 485
486 475 495
486 480 475
482 486 631
492 481 493
18 31 26
506 504 485
46 40 41
508 487 631
513 514 515
440 439 517
56 54 60
54 56 51
36 49 48
47 46 41
505 504 519
59 42 48
163 165 167
165 166 167
93 91 96
484 485 504
93 96 89
95 154 104
3 20 14
520 633 519
656 431 616
247 245 242
245 658 243
509 511 512
507 509 512
336 335 342
516 512 515
6 5 10
335 102 101
620 107 505
593 245 247
4 438 5
2 0 1
112 113 154
438 439 440
113 115 154
82 70 76
70 69 76
94 83 93
346 341 340
340 341 343
52 101 103
340 343 338
4 439 438
16 21 24
45 371 87
335 336 102
627 626 98
626 625 344
52 37 100
99 339 101
30 98 97
102 336 103
102 103 101
98 626 99
150 151 156
36 42 35
601 149 145
12 13 372
371 372 24
87 371 24
41 33 35
42 41 35
79 500 499
78 79 499
372 632 12
516 520 512
223 224 666
666 224 225
32 30 97
46 47 68
64 63 61
9 3 12
64 66 63
224 431 225
431 226 225
113 112 119
3 1 643
7 8 6
25 520 516
25 1 9
483 75 494
75 605 494
23 9 12
9 1 3
56 55 51
604 15 8
12 3 13
518 521 520
643 4 5
431 593 228
371 370 372
95 89 109
143 146 121
494 501 493
47 42 59
67 62 81
62 63 81
75 107 106
633 620 505
107 484 505
484 504 505
619 617 437
620 633 105
63 66 81
66 105 81
85 84 94
230 235 234
237 240 236
151 167 157
73 84 85
605 77 499
499 77 78
71 72 74
493 498 492
38 34 40
81 105 370
107 620 106
85 104 329
325 433 80
78 608 79
65 64 69
70 65 69
74 72 75
494 605 501
94 84 83
106 74 75
329 328 86
328 329 331
82 91 83
158 150 147
67 81 370
67 370 371
68 61 46
160 164 151
150 160 151
45 39 44
106 105 66
632 372 370
28 29 27
373 238 168
605 72 73
317 192 209
192 317 308
66 64 65
93 95 94
17 19 21
16 17 21
227 228 235
227 235 230
74 106 66
74 66 65
46 61 44
237 243 240
31 28 26
62 67 45
298 219 666
19 18 26
177 178 183
77 86 78
8 20 643
15 17 14
3 14 13
15 14 20
256 434 286
434 435 286
201 196 195
46 44 40
297 194 195
190 203 191
45 67 371
44 61 62
44 62 45
31 7 11
19 22 21
139 140 125
125 140 124
545 238 239
208 209 193
375 373 166
38 39 22
27 26 28
666 225 377
15 20 8
604 18 15
18 17 15
16 14 17
604 8 7
196 211 210
31 11 28
32 27 30
34 43 32
243 244 240
60 92 56
231 435 229
601 145 334
136 137 176
177 136 176
27 43 26
16 24 13
331 329 115
17 18 19
252 251 314
312 252 314
40 34 33
38 43 34
39 38 40
44 39 40
113 114 115
60 96 92
545 325 324
43 19 26
43 22 19
13 14 16
165 163 320
80 608 327
80 327 325
327 331 326
331 327 328
605 73 77
73 72 84
493 501 498
91 92 96
73 85 77
325 327 326
241 236 240
328 608 86
608 78 86
92 76 59
500 241 502
236 235 247
236 247 237
491 498 500
498 499 500
502 491 500
55 49 51
49 55 48
55 56 59
56 92 59
318 186 190
190 186 189
117 149 116
499 501 605
115 329 104
242 243 237
115 104 154
601 331 116
80 79 608
325 239 433
239 325 545
116 114 117
120 117 118
241 433 239
375 376 374
114 116 331
114 331 115
325 326 324
80 500 79
608 328 327
77 85 86
149 601 116
666 378 298
326 334 324
324 334 156
121 146 149
244 246 240
230 376 227
123 143 121
143 123 142
615 222 617
158 147 144
312 160 162
160 161 162
433 500 80
208 379 249
230 234 374
160 313 164
204 202 636
209 208 317
145 149 146
319 313 310
310 313 311
596 595 288
595 287 288
436 435 434
432 436 434
162 140 153
142 158 144
143 142 144
159 158 142
172 175 137
311 315 310
165 320 289
144 146 143
145 146 144
374 373 375
431 656 593
374 234 373
190 189 206
203 190 206
247 242 237
241 239 236
377 227 376
188 197 282
160 312 313
151 164 163
270 269 304
185 197 188
164 319 320
164 320 163
319 164 313
195 194 193
212 218 211
200 321 299
308 309 315
309 310 315
208 193 194
188 282 207
189 188 207
206 189 207
231 229 217
208 249 317
217 218 215
662 663 651
321 305 291
184 185 186
316 184 186
320 309 317
309 320 319
635 295 293
317 309 308
202 203 636
203 206 636
140 139 153
196 201 202
217 229 221
220 217 221
196 202 204
185 189 186
189 185 188
207 636 206
191 308 318
191 318 190
306 323 305
306 305 594
314 664 316
650 587 591
583 662 129
131 132 134
436 437 435
153 252 162
252 312 162
279 467 619
153 139 133
251 153 131
662 583 663
435 437 229
152 137 136
130 128 129
662 652 152
132 662 152
134 132 152
298 378 379
183 179 185
184 183 185
250 251 135
135 251 131
135 131 134
273 274 272
323 254 233
176 175 178
175 171 180
180 171 173
135 136 177
664 177 184
664 184 316
134 136 135
137 175 176
232 253 216
649 274 322
220 219 218
615 223 222
260 259 264
136 134 152
596 288 600
296 205 204
636 296 204
171 172 170
171 175 172
179 180 197
187 200 199
292 294 293
284 635 296
307 323 306
233 333 294
290 233 294
596 623 595
651 138 652
322 273 598
597 596 600
649 174 169
322 274 273
271 263 269
442 271 330
649 169 650
174 598 600
274 330 272
174 322 598
273 599 598
622 623 596
269 263 302
287 594 321
594 305 321
615 224 223
270 271 269
268 271 442
307 301 323
623 594 595
595 594 287
594 623 306
619 436 279
232 214 233
201 192 203
199 181 187
197 198 283
282 197 283
315 314 316
187 287 321
200 187 321
257 432 434
434 256 257
295 299 293
299 292 293
255 256 286
262 263 264
254 323 253
259 432 258
323 233 290
635 293 294
233 214 333
437 222 229
253 255 286
258 432 257
618 616 615
201 193 192
467 618 619
333 213 205
297 195 210
191 192 308
317 249 289
320 317 289
286 435 231
193 209 192
218 219 210
218 210 211
619 437 436
623 303 307
300 301 302
323 255 253
256 300 257
300 256 255
305 323 290
291 305 290
221 222 223
616 431 224
376 230 374
623 307 306
264 258 262
220 221 223
263 262 302
196 210 195
292 290 294
264 259 258
379 208 194
222 221 229
205 212 211
205 211 204
467 466 618
378 375 379
379 375 249
222 437 617
228 593 247
375 378 376
226 227 377
431 228 226
216 217 215
213 215 212
211 196 204
333 214 213
213 212 205
216 231 217
254 253 232
232 216 215
232 215 214
214 215 213
