684 1364
2.3798692185149095 24.23652387527569 -4.229087312292011
2.768410169215481 23.035950440515954 -4.401265624976586
3.456422257658289 24.26435907831409 -4.384244003417359
3.8103020679703667 24.636002456617515 -3.054418447475263
4.378115473685995 23.83996090992729 -4.372727636566975
2.697620839395214 25.068640360584926 -3.3765595411581018
1.6520022162411772 25.09657659487201 -3.1084465785820363
4.184388577469383 22.88520884137348 -4.489251443269743
5.362116765941047 22.556387293771028 -3.820460726237439
5.162225680757215 23.33282356875211 -3.528444942866872
5.31922338986508 22.984309765062903 -2.6423910268408983
5.385111633899971 22.27381924104083 -1.775941418509381
4.446989523687994 22.96324780330478 -1.6441038025263361
6.192713462094142 22.20308017953608 -2.6163160797104785
3.7454664183570485 23.551664233901896 -1.399421122307286
4.957818989875166 21.608274040576116 -3.6735150317467378
2.776561762291527 23.49961957992124 -0.4695159595365943
1.4252333964936983 24.28970764294522 -0.1528682359364039
2.3031356462759076 24.692396130314222 -1.121105247897732
0.5977429724512984 24.357116442006784 -3.1704966039658746
-0.2086677034897294 24.23516455329979 -2.6887391865718797
-0.03980084158743066 25.07375887098132 -1.5609502197804324
1.1717642924176332 25.219963931655577 -1.9440367281770727
4.6227775882258335 23.562111379867503 -2.368244965249148
-1.1783862318134934 23.795881655118325 -2.1250227588248385
3.966101027828817 22.31113833016662 -0.7683122728985566
5.227590156209478 20.309648403305555 -3.178523332535267
3.9490607532518247 20.114156236106023 -3.0070502638819736
3.07259675138749 20.757506956022326 -3.1964238589292666
2.5495590514444095 19.8341877769484 -2.949761520641654
2.8290131859622387 18.670763577562973 -2.6796248173407697
2.722917662376481 17.625329091032878 -2.401029391646775
5.278914757878345 19.361778945864746 -2.8965502904294764
4.227184125254296 18.45574746010281 -2.632262188069123
5.5627954864138465 17.741058656724594 -2.5141078716843683
7.104592891582889 17.96546070817968 -2.626911406907145
7.138329952154094 19.088375175929965 -2.9162935597364363
6.8592661213860495 20.09423548808637 -3.1745516694226232
4.278291033769439 17.532063663677636 -2.3943188381712908
3.988658244854587 16.355043540235954 -2.028350556880778
5.3225537111032315 15.627166577420596 -1.9091374462217519
6.438376721697765 15.899408611601928 -1.974783653481281
7.448998570124942 15.737197397267021 -1.3459234314298048
6.971928115339368 14.807096133172056 -1.4862566176710905
7.035947294077489 13.727738847066398 -1.3853742972907295
6.039888983480463 13.65253286540947 -1.43671316373339
7.226635908634573 15.51564491317654 -0.28066608418020367
4.041459867036711 15.41785277424258 -1.74613863326896
8.062861045516687 13.63894725358871 -0.5820238209600277
7.850201307691187 12.49558643179294 -0.6750219739604189
7.849475779696336 14.503502843155232 -0.3443319851535192
6.436660287429944 17.05130210930693 -2.2779931562946594
6.419775128236381 12.79448122396483 -1.1558370860449432
4.6782418535443915 14.122048934096398 -1.4618360645736606
4.297418045275967 13.255012887406512 -1.1829017039324665
3.5139044744303067 12.147292642438295 -0.7809471523159512
4.852478047202161 11.429356484388357 -0.6201906838728788
6.349695603703051 11.689691702830874 -0.7187302225666983
3.567332233540131 11.210550502188209 -0.49166872090393754
4.045928683789978 9.833947257402006 -0.006718542281085427
3.6289419211000347 8.905879708890112 0.25730073754044935
3.0324119506808516 7.958142476864168 0.35038926708353735
4.322371899457514 7.252189451372265 0.6202392360532252
5.397146902267065 7.504691071244611 1.022688034707873
5.506974786046863 8.569559317630814 0.7534126493162143
5.853138007141328 9.759118798277324 0.438510943713484
6.497144520934938 16.178405489055685 -0.030549524165865705
5.662430615448113 16.805632494260937 0.15597254177321973
7.464675578310137 16.70009862701251 -1.4271726574814347
7.905156249056206 17.732904051705884 -1.4707235128580087
8.589646764546691 18.709306456983438 -2.2803504036785753
7.699787729623354 18.753371834026915 -1.2573411109576702
7.6094659541690115 19.80531071512546 -1.331767452980583
7.852812734406592 11.946631616491072 0.2931864077185474
7.16409101106493 11.282310329996164 1.345247946181505
6.796706597511663 10.197472092625524 1.1412312247425835
6.387597870545663 10.618749179548967 0.08837717827148867
7.12814838718686 21.26611248912595 -3.074227187573441
8.068414080355437 20.940598388597873 -2.2627930299829337
7.009943285009412 20.8917706126808 -1.6655593099540402
5.694637951652001 20.870183579745422 -1.056037798777778
2.5941184405619127 16.560036769703068 -2.013171218555499
5.761415542766484 17.86516862362693 -0.24142017245907027
6.784017417661154 18.113700859656845 -0.7140703549491202
5.887624942348746 18.905833226883583 -0.4752062470759182
2.8124285905514617 15.666929873299722 -1.7147399851560372
2.3625439939245774 14.440145063647254 -1.289529435447037
2.2644747534808127 13.582357048479707 -1.051327282077878
1.6555388890183376 12.417799215744484 -0.743125622751756
2.224060972790669 11.35203107046944 -0.5193436991762315
1.0025207989661287 10.963915013069471 -0.49223663517037775
-0.34249657064773026 11.694282336413735 -0.7548333665779781
-0.2109265243897016 12.710663445480794 -0.8448139654883646
0.23748700529168137 13.656064438205217 -1.0114976817157173
0.038569168000530146 14.781087797965956 -1.2597836746131557
0.8414493954332836 15.780015102804406 -1.60986930820974
1.8775701730079755 10.260604194225095 -0.2181542057747198
1.8672145701684992 9.162879728417916 -0.007570074287628126
1.3652863029184648 8.24684024449784 0.08075797885982594
0.7363719521061303 16.828834472518416 -1.964686482644037
7.159899068545361 14.415697788130384 0.5675221285901688
6.364343791698697 14.695564915031213 0.8406970719446112
4.976409648740989 14.678576422246149 1.317630773090953
6.879192680381149 13.228896249217197 1.3233339572929892
7.262420043258488 12.285968870114388 1.371761224678078
8.049987701028266 13.344062159974555 0.4157744682431824
4.719083163855477 17.577340128072123 0.3542208901628573
3.953900899809541 17.995313216270198 0.6722481641877436
2.8669082787462044 18.054048123275145 1.3505111099587608
3.182395878935611 19.07488342015329 1.0508527506353007
2.1583107269950297 18.092543133850604 1.79130127044109
2.0431769138822027 19.113178615088632 1.768637650317306
2.029600706067279 17.06826760236533 1.9305423930067638
1.2071386853214086 17.439054416470626 2.370952520008025
1.874693302717019 16.00351894726524 2.132516870185973
1.3231653626659705 15.044349062797934 2.486759667769812
1.6484800802986541 13.981613643706773 2.4345473358864425
1.2754663031829263 12.95917701153505 2.6957219997595017
0.936501252207931 11.972996580438828 2.8952847015085865
1.262970831482654 10.90707343935782 2.8629634833975333
0.9765830116626215 9.805582323067274 3.0716945585078994
0.5495566393756406 8.902418358436165 3.2989784165538287
1.9937945023866261 9.254729718419227 2.953686226528701
0.22418797082189856 17.192610376687803 2.8804135819327072
0.11198842277215447 15.794175881969409 3.0075814322138887
0.4480486035342304 18.30348162269456 2.6295459548999816
3.2878132702184644 20.098684836444367 0.8073829510512158
3.981944768048742 18.902578597830825 0.5290205872452101
0.4723834852003249 19.26662356257783 2.4430498579617623
2.959181653495571 9.44859642818033 2.8255761840294467
3.1029850598700484 10.6872214398995 2.5090617264152852
3.0211270359090685 11.732788331282784 2.34963987830689
2.893800109263417 12.808957201258867 2.205353073371805
3.021149513389889 13.836988393110108 2.04267694992848
3.0705235363169785 14.812679461344338 1.851789852245208
3.2582955411372563 17.093314326109212 1.2562252336825614
4.224547526615111 20.362677597349602 0.01472697537913964
4.989747341656511 19.69676938282647 -0.26284492817238
1.0884054740906706 20.298175894387587 1.946577625945274
-0.27155143062996534 20.964729080576653 2.110154821387887
-1.459040592868349 21.530112897775542 2.1210109512691178
0.694579414841356 7.688478041873839 3.624349899720042
3.3336739142832355 8.506129246101487 3.1831494634932653
3.9138005664114472 15.981046403149996 1.2360360369856114
0.4764220550059591 14.043546302142499 2.916061744605509
-1.7119918066895696 20.601783907047867 2.5211133658293274
-1.3755935520819556 19.402184207389492 2.8413005443147883
-1.4856364020348825 18.43265317476543 3.120562601605352
-1.810034876889102 17.27394809760237 3.416133165447234
-1.1132945683667574 16.35567764197632 3.409917325639795
0.7000653532868433 21.397259809617555 1.6523630540443646
1.659021863913277 21.793867409535565 1.0975493057932497
2.4092279524305753 20.92276994654587 1.0885056086235747
1.1461615207837355 17.758355314761317 -2.383774988031705
0.9656702144088483 18.95500904622891 -2.7275328249122266
1.0735602224284941 19.895230872040507 -2.9836691412928307
1.2087216781051844 21.04322116546235 -3.2534966838632577
1.1816758482435912 21.991333000276754 -3.5306717831037044
1.5125092080445717 23.65356028867511 -3.911413100079743
3.7417300591585536 21.27813766964242 -0.0036423113102024285
0.7891440030229064 22.313345876219408 1.202125728114875
5.33544567601584 13.65722044419978 1.6165863994766114
5.200905816581242 12.51457767275884 1.8850568732294672
5.255787947808937 11.39150487362317 2.1149745560780886
5.419521049824188 10.366811850103854 2.351190892217881
2.9113570924791796 7.510244341845599 3.616344311115629
5.452361258205964 6.445102394665484 1.2145133408917692
5.248544640343983 5.467848489044743 1.1172733371005694
5.40852573382899 4.409884348146573 1.195677503258604
5.336831427598198 3.446997498807395 0.8741606415907308
3.636804433637868 5.807308309809331 0.4585657292210146
5.631384493497298 2.4219460808061672 0.6964692007948596
5.666325243533582 1.4316550346199708 0.35825348239704435
3.566907252856686 4.827848388613183 0.24458775982631864
3.6555112263980876 3.8881749719677146 -0.01740602028784044
3.227707993476727 2.950864442378206 -0.5282568075669336
4.471282235740925 2.690639546983871 -0.031181206149969665
4.535963298001667 1.769108398063826 -0.30765758291102907
4.785436022723569 0.6600770954110615 -0.43167290259832986
4.41299846326364 -0.264021135415488 -0.7141725476171737
4.334447154398543 -1.401919658123798 -0.7323150067896993
5.150268153055401 -0.4207153590040762 -0.4035382590633683
3.517350924567154 -2.1467475965325993 -0.9036353330035616
3.0426578278860816 -3.0501188841560976 -0.8963479446650223
6.077723965468033 -1.046646299722136 0.10141774303268669
6.352340786666845 0.2527564409168047 0.7185362007242955
6.5114201641373075 1.2734298455505568 1.3489323919508567
6.5071301740725564 2.088485219275196 1.9442464751278232
6.151942108577044 3.6926877424913296 1.8257849822723518
6.225586218581718 5.689293104670559 2.070051856710479
6.311688085343635 7.2262262276969444 1.9626223323260008
6.473820892392745 8.139815951039985 2.202780358553241
6.379329336531229 6.541589718950469 3.187205896244044
5.093561522152314 7.127898747158059 3.8052799301158275
5.445243818875522 6.0057042689097795 4.14099763866508
4.859289078795494 5.01545422192301 4.482451939053066
4.732865337158617 3.957323605267157 4.797542974615865
4.624406982043345 2.9046925004661266 5.149123395710459
4.775385799589185 1.8320220872789426 5.512803485809292
5.960049653708045 2.3408342902770016 4.523192919958002
6.482136170871113 2.9374148878909 3.1121073294752053
6.2190031537673445 4.052713135226096 3.593070534752811
6.6898193706984905 1.9197700896838064 2.9561813271519695
6.712475117123472 0.7663706147301261 3.5886112626543163
7.049624592213236 -0.1341910138250757 2.586908167340291
7.12336770056918 -1.251795030174197 3.056258524831704
7.084186873802135 -0.9971382581256416 1.7017211802491856
7.035556747130132 -1.9488354729159223 1.1068637148120553
7.300385339173461 -3.092164800180858 1.6227977725348033
7.64575886924714 -4.120206365832964 1.429925466575629
7.3873427100570055 -3.9612989076164933 0.5274414798747017
7.5168355369053605 -4.804671188614475 0.31311181773462093
7.5526070225713235 -6.012792599200021 0.4109554890682514
7.163106513043923 -7.003587313456358 0.024026958059491232
7.836773714473538 -5.161481827428894 1.2600296624034182
7.561371574927227 -4.954907528935338 2.2937568689493277
7.168327342038517 -5.850804160886702 3.0904120900331584
6.424262274351458 -8.008035816993772 -0.03434096446993001
6.1888080845710425 4.968185004766697 3.4908131543733685
6.185099026582506 -6.6953437720304185 -0.4890566203588945
5.908995856916487 -5.610910191409028 -0.6281894727628049
6.096647895471255 -4.633518381283838 -0.5160121486574223
4.840261628025993 -6.5239133950313715 -0.7081733653048574
5.115957958997274 -7.553317876407225 -0.524642485608046
6.155424599452859 -3.654023110852224 -0.2913654430591458
6.224095982575728 -2.6847358269283936 -0.00909644437782453
5.0897907753695915 -8.747505587789103 -0.09848875002015894
7.637774473271718 -7.13039893916416 0.9560474997143029
6.624594443986181 -5.9813698149748955 4.024397355387024
6.829031891055388 -4.376416690192342 3.8125107050205056
6.865394520769835 -3.291337395204696 3.7755753083749592
7.108789515754867 -2.2844247581428636 3.2256341082104125
5.186286290327751 8.038437211134212 3.4101287144631893
4.8962386552750985 9.366314874026383 2.8155508564577048
5.2408015688128335 15.610500012377003 0.8349189173474401
0.18930176529308151 23.043194458071866 -3.270869577687182
6.9504561683282455 -8.727601932940939 0.9777424734437896
7.137375549832159 -8.389516589812224 1.8278609250519942
6.639930832238337 -8.772792701595456 2.6528165705477544
6.362524731759161 -7.863319450558191 3.760726210725437
6.006594739440888 -9.297157090107405 3.3608685357293764
5.156785470242331 -10.366839013656445 3.565110702694568
5.920090548804676 -10.106163854304025 2.3837571925941727
5.30669309684458 -9.053823218411182 4.606121120448361
4.4653212299700185 -10.29564354273063 4.714823584032028
7.276845782980932 -7.291602694989886 2.373032169816862
7.524690843490623 -6.288297863154974 2.2553013842309904
-0.5646297052464266 21.76884070002615 -2.9294657914327003
-1.4735744878466273 21.80729548680453 -2.445115037127824
-2.5365624304640217 22.364799286709726 -1.5556333599436831
-2.196476304183055 23.461415159267588 -1.2766406329070001
-2.968616025185078 23.18487132136846 -0.06731268434675242
-2.954190156314631 23.120128422944475 0.7521261775978068
-3.3419532355585693 22.33701763667554 -0.5828530397256325
-4.05257944423872 21.369530978773852 -0.2476622204344396
-4.355508639555645 20.446853585410828 -0.5860928363108129
-4.931774687747782 19.514767719549706 -0.6376733537271595
-5.406562433839511 18.29038966400768 -0.924863030225579
-3.535405275847364 19.921257711726696 -1.3163679504065733
-2.7049135852114037 19.914324025628755 -1.7504369432253666
-4.135272321913122 21.840050691176195 0.5762160538523265
-3.52607779456679 22.103455027384808 1.5340809386783554
-2.886105538143272 21.381681259313563 -1.4713372726583689
-1.301841449889544 24.46229824431632 -1.0700957020576392
-1.4628217064205342 23.908105612777526 0.45345895406249015
-1.862773271781222 22.805378574154794 1.535757637792113
0.3200412324069547 6.7768431611370845 4.058084701053549
1.6616630639591108 6.013839767994556 4.3339434796407605
0.6978039635562281 5.808865768258848 4.500138823799051
2.6287627382075027 6.221366093102396 4.203927268713471
3.005939970143517 5.272113999476993 4.606676295013816
2.3681351312376178 4.304597410517712 5.00754636185196
0.5506003958284885 4.410690657945146 5.0466126586763425
0.4509606307881724 3.4915918621350217 5.369880258370606
-0.5574480190877757 4.020966965479893 5.078144099632997
0.572499716712992 2.4929765708031164 5.765738022003774
-0.6655447863645712 2.0455555853927114 5.746131530047948
-1.5348855569843278 1.5508351808564524 5.647704743547891
-2.717512750195101 2.1306995933640267 5.00018156278086
-3.5833556798009387 2.1501254461595547 4.687733541740964
-4.7272245098951275 2.38677228121313 4.248411696483891
-4.6659108216430765 3.52397212895024 4.2718526850642204
-3.695477068679483 1.0562186614067146 4.809934613158729
-2.5107530304359664 0.8442363940881564 5.506540682655299
-5.487895183995411 2.5480841842120103 3.93026441623196
-4.298116912843452 -0.030093783109956695 4.597399421935624
-2.674342661036537 3.012848641457548 4.8489789892322035
-2.3756901560427934 4.005284658450472 4.753120220675639
-2.358428265485155 5.129745868657569 4.544296721986026
-6.564913131739355 2.2354375941112656 3.3015665243078667
-2.914925617189483 -0.029973810363221554 5.615565267681117
-3.5046717243228116 -1.0492381859465971 5.484301883351305
-6.732465029327898 3.8229650309927896 3.4845453982547205
-5.944505373966803 5.124110564580007 3.802126923465586
-7.4739159546314005 5.014446222957302 3.0956250891483394
-2.5955780378868085 6.1565633260933765 4.2650663480921605
-2.0079033230984105 7.128743393583238 4.019456606636771
-1.7191071982147776 7.977071682726531 3.808604861224479
-5.1391839208919485 1.4627790271649181 4.003964640666991
-4.011686177798383 -1.952476049227292 5.196157843949146
-3.6982188282687067 4.429437145845887 4.4490234970799225
-4.599470622930089 5.449213653882997 4.152476608522186
-4.000227259925544 6.389461208447516 4.106123028569329
-3.828338848392444 7.463406194905666 3.9088888997578266
-4.210339968844072 8.513757826851954 3.786434845629466
-1.492167728709711 3.3313758072762667 5.082981684636679
-5.205114151919188 6.6525962430979275 3.8471989350198443
-7.629819024268224 3.0478858588012048 2.733851019955905
-7.595255724976842 2.0407070136584626 2.3760992089513664
-7.038729416588616 0.9607564665863112 2.4349309337207075
-7.827270548017734 1.015095775407028 1.1165785550319234
-6.99400785098037 -0.11622714996338801 2.029312406260388
-7.114879724102563 -0.9784656376929388 1.231777680676737
-6.647049536041327 -2.0452321094238433 1.6493328830612695
-6.157226179022229 -1.69973821215694 2.5849013313791183
-6.340457613013557 -3.0764548810838823 1.597484673497965
-5.379553368136339 -2.528133909662485 3.5915282141475764
-5.346377363326168 -3.5655950619697334 3.6590259028720986
-5.4686804639137945 -4.533580240012569 3.332182402566474
-5.258078431394184 -5.58094412057369 3.379615637239616
-5.701921019430671 -4.834344793332174 2.098501622277408
-5.060341708135891 -1.611369737508062 3.974576111538717
-4.872803867548009 -2.709806024723359 4.292882181110612
-4.317593451508355 -3.3562520614050957 5.137150453822875
-5.140639586827541 -0.5644588119042142 3.890951975854594
-5.846732540677787 -4.235909653513954 0.7762815256483169
-8.277258152317744 2.380677340592009 1.0267393790769122
-8.428276173247395 3.288217965279873 1.6851248118650723
-8.51164289789324 3.51780968650027 0.24077771647772084
-8.750646045791493 4.582173904474558 0.4560112336996123
-8.802760747216983 5.516941450074503 1.0843522091336424
-8.209989097028654 4.464295023145113 2.3889317456586463
-8.841100858444463 6.86982590924668 1.3289712849545445
-5.116259175325634 -5.410269769763549 1.0211802436897524
-4.5450911791723945 -5.12928331962006 0.1507224745504031
-4.958428435854942 -4.025887235806975 -0.7369762044308661
-5.73420654068833 -3.765438181673428 -0.2417842631524769
-3.9560962804215434 -4.071448243967481 -1.2229303011762636
-3.013788928446138 -3.9536456080221827 -1.5098499282052285
-5.689234265728147 -2.753433699573345 -1.3749791550979227
-4.829628744199914 -3.345002527545387 -1.5175486714152597
-1.806604389272941 -3.375095367923543 -1.7927706599941908
-1.8478279494050838 -2.1723227827980285 -2.480644207744443
-0.982491191291331 -2.7459948110960735 -1.9088923468269738
-2.895493720613298 -2.521943134451493 -2.4752162942038334
-3.861730430897482 -2.7408681997760582 -2.314936973726003
0.26194898281960544 -2.589934464209582 -1.5974437337663103
-0.5439956676220221 -1.3831510675215202 -2.324472534593037
-0.6974011433721545 -0.23637276546457353 -2.628692781518292
0.32348518955492445 0.06541790539108217 -2.219167433954561
1.210724052262191 -0.6442289553290945 -1.8094643995004394
2.3967584311250403 -0.5841229995070205 -1.3801145962384243
1.3411614097066435 -1.7511749561205665 -1.536075241550321
-4.736141920373956 -2.2336731195955317 -2.2460956793438887
-5.4622884009615875 -1.5281886119140649 -2.07890403841159
-5.662014510848813 -0.5996264926079087 -2.1081038145918267
-5.3337004745111285 0.41335475267788147 -2.3685383871103554
-6.247374067777487 0.4358543946409479 -1.789226443819632
-5.652766931646088 1.458843328803761 -2.208707223745301
-5.534444004550935 2.479961110932992 -2.316939844110493
-6.115615380374964 3.530633258072884 -2.186517675365087
-5.252946052204565 4.493879667066233 -2.3906226107523714
-6.88833141789908 1.8945429106395357 -1.5261652130349623
-6.353610313412259 -0.5805104961881589 -1.5561750822952516
-4.467560542183429 3.3759956610152595 -2.5301523342103724
-4.365973055810511 0.822652595239901 -2.783276761497289
-6.684760882417695 4.589640739154758 -2.060742038538426
-6.709442998129606 5.6780494478485375 -2.030334166045888
-3.4423666119610763 0.7416215873159128 -3.0165795080041073
-0.5741582725258847 -3.5004348286845914 -1.449116251152646
0.9084310540793037 -4.116337693258927 -0.9825156879548478
-0.6738346375474824 -4.577348460048739 -1.0136976185986817
-0.3365108873712568 -5.700734398201082 -0.6551761251584264
-0.4379263194169751 -6.634756005788672 -0.3286348601880203
-6.472925036179394 -1.6524487979701021 -1.155864631032928
-6.965470104729677 -1.7905880956212723 0.28209690079789174
-7.193818539334209 -0.7258713485918298 -0.34653356482217557
1.8403957828284039 -3.4571882592256378 -1.0019066984290999
3.1838496725895538 -4.155382732751176 -0.8138161256615208
-3.769469664081262 -1.8043605600869834 -2.760245140646936
-3.9374192603432663 -0.624262812634854 -2.9188356343653226
-2.518582280956191 -0.29473245531113235 -3.0680562816057817
-1.7772850913188725 -1.0646936934642326 -2.849311942301746
-7.20540805685652 0.31518398483730115 -0.8729710206432462
-7.81116186876138 0.6470959264691801 0.246346184806972
-7.80864188411763 1.6067041021717658 -0.4352995544653798
-7.707292767124863 2.5836376748366585 -0.8705605407816308
-7.6971972908538095 3.5861635653619817 -1.2271166591000082
-8.019632008316393 4.700334724546957 -1.0399120485151445
-8.352241060890933 5.623327253863233 -0.8861439301589225
-8.18759173542148 6.789814536048665 -1.1713050259628515
-8.075498850942552 7.780697572376691 -1.468861326535609
-8.081726303834241 8.85859701446889 -1.434639714580441
-8.789158366415979 8.739554786218957 -0.3215321480485091
-8.709176513679324 9.801173444293223 -0.2937735428889604
-8.64670285694161 10.74302789165004 0.17549302197583372
-7.9125670866147395 10.842014117347567 -1.1970326938465452
-7.339251677012824 6.293318758603081 -1.8786854841689729
-6.6897301612143 7.739357605551764 -2.1599161508735607
-8.339977436366091 11.795738104280211 -0.32579293924581837
-7.8239470117238 12.7916920003473 -0.6579570316042159
-8.455272526547292 12.6669715040364 0.7834990063146707
-8.04060897128356 13.74959014764617 -0.020851622444071682
-8.00080956611383 14.700682778475283 0.40971692305326723
-7.744774549400898 15.971134736519847 0.7118457887704401
-7.32694961661793 14.754781478971605 -0.6076811954347675
-7.639704828836154 9.834568854893295 -1.5624665466194008
-8.896584979896605 7.530391192147315 0.11689801795040478
-1.7851529127919605 0.6661350268164633 5.969796905875191
-0.8382290242157788 0.4614808015305088 6.478400871680972
-1.916652292573392 -0.37004024931833035 6.4210011724298
0.1589350378304077 0.5977473976237433 6.659129445953868
1.0125486865526503 -0.41770080733129733 7.198156150652889
2.296748663161783 -0.1875556591371197 7.038436116656572
-0.10053813731625263 -0.7174956207761549 7.237016125048165
-0.9867327862506539 -1.149006512316027 7.184163758890168
0.3657574802055682 -1.9562024460795882 7.671458098604628
-0.48359294753749155 -2.840530905479962 7.750560956563387
-0.42716211289589295 -4.431176228631769 7.916146194006025
0.7400633630604152 -2.792102342470037 7.844694696007403
-1.3681666549150082 -4.232498358192977 7.655849676062926
1.7004359061984688 -2.6487403018498585 7.7401104104537595
3.1383490894073325 -2.3206776885266067 7.357113306493855
2.852700350371814 -3.261945044571773 7.528709264552786
2.526127911781067 -0.9458730873551071 7.245131596966885
3.8574575805940627 -0.9849522439086755 6.8822171071730205
4.624635558299004 -1.3993667975429314 6.566043138505964
4.537470455672799 -2.349561009071603 6.679849234773119
5.540884142131093 -2.44085027834644 5.794355520127191
5.542563510972405 -1.3661293594386357 5.826503976408321
4.558274493171143 -3.4431694619669395 6.625906246121789
5.42485807365183 -0.38082698689173156 5.806317836890955
4.747385833821582 -0.35864080065957205 6.324152512663889
5.797161959304528 0.7382509735745452 5.21331332569012
4.360126058251083 0.6840322514308612 6.1715730520032
-2.058560522317784 -1.4559015858044044 6.748595307558149
-2.1406155305004546 -2.4831527864744514 7.032791026144987
-2.4233167846188053 -3.4867061861010935 7.015264433243885
-2.9050999295711306 -4.399927477279146 6.768226568203043
-3.614618388824829 -5.239953269985513 6.261717161245681
-3.54806939911984 -6.28904309549635 6.3731899193701995
-3.77182208016541 -7.200617136805449 5.862330290265181
-3.963093145101257 -7.947359259618495 4.772483874340453
-3.038135559072967 -8.417821868269414 6.1596153287282815
-2.626312871997219 -7.544915595340798 7.010014778265722
-2.2481020324611634 -6.634177180824481 7.374963656788096
-2.5354141774956904 -5.5402408062380335 7.184147770001075
-1.8149946590634827 -5.707660097234683 7.582033632358716
-2.115075315044026 -4.5627793899210864 -1.1005817550616779
-3.0699423725818087 -4.727712915536972 -0.8902844296624938
-1.7300322751678248 -5.498552266220704 -0.6224557778895161
-3.4360331588051487 -5.506150329212967 -0.18257626689424714
-2.2772584769125133 -6.337204655152727 -0.09890260499616776
-4.911442974992541 -6.5429990769185835 2.9018552013520775
-3.5183563072967408 -3.523273752783906 6.082573869229658
-3.117429242091882 -2.210576939610639 6.181457172749354
-4.1988368740903 -6.077510622766753 5.616091412631826
-4.671815048061968 -6.181783237975872 4.7093326179130335
2.5850655950965997 1.0994211805063472 6.4682130692637045
0.9177822325308851 1.225443818410678 6.429858619792998
5.710881785338335 -3.442671608968732 5.492673873659986
5.913248767876843 -4.880790034666421 5.176694073569758
-7.646299373760388 15.894558602223828 1.7879631793189101
-7.307298092673675 15.293200063855 2.5642563734598074
-7.815231504196703 14.433263136243262 1.9914402108873246
-8.017587981078965 13.451776719967803 1.9206825047660214
-3.220392010247241 -6.656553806403958 0.5219010610244754
-4.027270127987045 -6.365842512586619 0.861706552830777
-3.3183131466294946 -7.647901259481398 1.477289803863474
-2.1051645729776554 -8.127214993872137 1.1531948911929573
-2.3338645937115223 -8.818493040289638 2.2715658254931697
-4.419772455241195 -6.732624916847693 1.7198454255952857
-4.140657267606751 -7.741722757735112 2.925994022873888
-2.8862345880086457 -8.995173014626573 3.17025951232673
0.7686064510055142 23.568044039707573 0.6032345820010201
-2.4107410738752133 -9.703292045773864 3.9801919955894167
-1.567812968550967 -10.377942091112178 4.240095076551319
-0.6518676262673195 -10.33319281378624 3.3115710843778823
0.717656233499496 -10.457302812236634 2.7352401135763396
0.23907700171856716 -10.944535899910427 3.627425747163226
0.7370503536676487 -9.754269162410257 1.8872214898134476
0.30352530449587434 -9.061597715547514 1.2177962860082108
-0.8442715123838078 -9.046099613561768 1.674864835473944
-1.539707386050292 -9.69030407387745 2.9806805263500014
0.5461192813679834 -8.084624665922465 0.209263927673232
4.0289169904065885 -11.099637742244475 3.856213018615928
3.078835749137841 -11.417058800830592 4.337847248429701
3.314723700631067 -10.79997260621575 5.422257734444152
2.1997156161107254 -11.484446917890466 5.3291101190495525
1.725622458544644 -11.219324157177592 6.336881606167544
2.5575085964909205 -10.4760378635115 6.511926862238531
1.3576838413194177 -10.242180212176837 7.408775312494694
3.113172921317397 -9.36176855556625 6.623528209270462
3.519588994201096 -8.395877616589974 6.597091161585083
3.393957367613328 -7.401522733423202 6.904520749659018
3.949097365825939 -6.432448916100659 6.711292107430651
2.891907062726837 -6.370441042343736 7.338753129521565
3.5679217868766298 -5.411352469825873 7.092879413774379
3.086369901273891 -4.396675653074161 7.429536648624694
2.7709409665607616 -8.369061076193375 7.154164886810386
1.5685958070096604 -8.687283290519222 7.73472809775868
4.899346191354049 -6.1959632084652085 6.022957291130028
4.512306253480456 -8.673821833683807 5.663536561301322
-6.502256712078478 -2.8339945824730006 0.12624721097048397
-5.789582861850552 0.620697208061609 3.4530575575090534
-6.0893777877815065 -0.2879637138831139 2.9975330648397573
-1.8577682026998141 -7.740284401897061 7.545050762789496
-0.562758067815754 -8.003410200567881 8.01083329496456
-2.1142713737146615 -8.777215090243455 7.033495827033027
-2.191994185404532 -9.614436802880377 6.228380899375915
-0.13665875029159022 -6.97417403732468 8.075780262921946
0.038795132958310385 -5.707124715873111 8.008524712588537
1.9895061316913187 3.0793408337293653 5.531192657395501
3.423461811747346 2.5153020456854858 5.632833277326953
1.7442963590707157 2.1863994560691467 5.967699122987504
4.789556954157237 -10.864740064701586 2.107988064723733
3.6789128660209394 -10.769288147943321 1.833042728367454
1.3492374250991872 -7.004692977163875 7.93691721602266
-1.2764251067591998 -10.091256066871225 6.959013516321504
-1.4960192943332207 -10.629106255042721 5.769465364776309
-0.6073453383252447 -10.934282348082832 6.63893747897429
0.06430525279470332 -10.174495944856144 7.604730976337509
0.398882740716792 -11.32282126104452 6.2725983873679985
-0.29131135345642833 -9.043586884850793 7.862653414148268
-4.601099544465639 -4.90467566656568 5.017624078128657
5.826544881007223 -6.128824900997004 5.115697579646739
5.6330483028580804 -7.763511997861433 4.8494242989321314
4.733553623030552 -4.455702560288669 6.3896918735897055
-6.7426495762801615 13.733187740902153 -1.1851202039807487
-7.032192205170034 11.773303469980732 -1.459911190986054
-6.922634532692498 13.29634083100288 3.1532528978577394
-5.92828762528477 13.389876865165213 3.651746035356009
-5.03769036331525 12.676943682460319 3.911978544761851
-5.595329502001481 11.792087156267549 3.7497074617052943
-5.767034241278367 10.814519681520075 3.623054856853683
-5.939590270649866 9.836676797109625 3.4990531551863384
-5.882745515820221 8.462105124769387 3.519247905422837
-4.019296783580098 13.308506102105977 3.924202182417975
-3.1331167256675854 12.844557021932083 3.9287213582251415
-2.1939499582210775 12.849978586176487 3.7944488096784568
-0.7581601959375055 13.171185716767525 3.396597006526634
-3.789512603701403 11.490810737523326 3.9663311093238
-6.774294060402991 16.184589526195804 2.9050628645540435
-5.384007400958903 15.977970705005472 3.6215416881571647
-4.861416347834557 16.914272058837437 3.6316049037869043
-6.206598169070961 15.004889142071413 3.386627141371263
-6.519618025241942 17.166154725899048 2.92400994311995
-7.210089751667345 17.487185493628882 1.483685454684127
-6.747901076195203 18.42212737332553 1.6066836359048466
-6.005469363481087 17.98394368999357 2.961172037338768
-6.17885270370759 19.25554454570824 1.7072074241731394
-3.9232990618489296 17.707855188858804 3.5482887318546155
-4.630154676910454 18.88452199492655 3.1162185318820574
-3.7053709070174112 19.652851952952016 2.952638819573366
-3.9871556008670046 20.935259386482247 2.2701781547087077
-4.846494980840334 20.929679209421014 1.4226356042677155
-2.8182506244560392 21.33753480824796 2.267692557819827
-5.123142773175703 20.130597531056775 2.266773964447818
2.117723447498924 -5.021678595653957 -0.7974749263318986
1.058242799266363 -5.9063179992152275 -0.6666715953021645
1.8850605872745192 -6.899594988438751 -0.500715892826014
2.9833347493608295 -10.872091884357406 2.212426286329417
2.077088750389145 -10.542667009196983 2.18664308731627
1.8238735057468893 -5.260562086872953 7.808168447168793
-7.17115041060151 15.733604016832501 -0.4737129712463186
-5.8790623103393065 16.172497073954236 -1.179748855938554
-4.5913219587836105 16.84760264863213 -1.3602490844399218
-7.20260153427428 16.677179603612146 0.0762809251545144
-6.460257888077841 17.663211401568823 -0.4123104522019634
-6.465206533040757 18.664291905713135 0.16679311518836104
-5.898716585700942 19.515405219562886 0.30605574951511894
-5.272443588563545 20.374859808432532 0.6693375880832586
6.353521972962313 -2.4078129293557047 4.7798088977092785
6.392544525200418 -1.374592956126052 4.811714286895745
6.507287901265917 -0.3444694213378341 4.50538578466404
4.883122360005941 -9.872940184499377 0.5243406516546963
3.4977374505377345 -9.665824547485588 0.6504190573518822
5.850425676189712 -9.960731236763149 1.0569343611559467
-4.429299996139154 15.48434026942892 -1.3884088659561027
-3.288363155494792 14.771146888176528 -1.303749583947316
-3.1184099097653233 16.080777618394887 -1.4144104247797427
-2.961772688411087 17.31854390514732 -1.5689126169276844
-3.290021434550932 18.389378014896003 -1.5672354251188507
-2.0313034386670314 18.872223429473568 -1.9442062459424712
-0.6049048815208007 18.047961796736747 -2.1571356136214668
-0.8759117023142133 19.1791882779711 -2.4006326289041837
-0.7081923147098685 20.179180399624624 -2.6547753416435116
-1.1135934428408707 17.076154309951388 -1.7821816956528058
-1.23965731448077 15.985839029658997 -1.497049743874195
-1.8226177527590615 15.059381999158429 -1.270556279918932
-1.9517282951344777 14.036212012250669 -1.1382136613763856
-1.8523733817966521 12.985845205367376 -1.0307796675642327
-2.2877704621581345 12.03034040231918 -1.0641291584227122
-2.843298663184519 11.196756762465455 -1.1954986113659647
-5.209986932277357 14.650135788651646 -1.3885925620757047
-3.633627377047299 12.27529434682626 -1.3602196896685492
4.795866399253092 -2.8913459071516012 -0.6173914546394674
-0.25358354507013464 24.74285159321119 -0.1598255282699344
-7.495430201001347 6.050170625903511 3.0281488885302403
-8.074845619281554 7.233614958555022 2.533382122912143
-7.015013489252997 6.971906085936228 3.2203747236413918
-6.673833914574261 8.23367939552629 3.2733276708415238
-7.890107712214407 8.216280219754196 2.613637474389834
-8.775944658086729 8.546112697913856 1.3067896972334216
-7.694908545856328 9.196202386696836 2.7017281356857517
-7.503351258625998 10.174479045826097 2.8042413341182115
-7.249657974823294 11.473030935142013 2.980969536996138
-8.430676122296187 10.114253087700536 1.8631620153538886
-8.23193097583187 11.82567274200019 1.8941133625091908
-8.714294433299987 9.567425411492636 1.2528301022841044
-2.9849229544136326 -9.238162463975993 4.658682379782811
3.167130493554588 21.800710478210394 -3.7955228560768894
-0.6233397206327929 -11.154090585055854 5.0704461201165465
-0.547242523704369 22.641061271417502 1.4511785564806017
8.8724773093308 19.963059551715002 -2.3785652287415124
3.017571736774832 24.765804136842505 -1.9696281743240942
4.179827716317437 -4.989785699578283 -0.7820084467914574
2.084339284482495 -11.369745558339535 3.689903190904671
0.8882202848100722 -11.493507245553854 4.769788188601421
-3.8530554004679916 14.590084888484725 3.815017119254806
4.063661317005577 6.188467742596863 4.243614693702807
-0.07560521644769608 10.113509777561383 -0.5756870554949249
-1.4174004997027276 10.852215245970797 -0.8896776442433474
0.5757154678469938 7.6376101991271685 -0.10568497209083949
-0.41099920326925093 7.5799392589032495 -0.5217266847743761
0.631355677159084 6.347335624930152 -0.19441265364746524
-1.4546981162591255 7.802470256461383 -0.9661542381231037
0.7005756931940488 5.356967838056261 -0.435011530734682
0.8781258806916663 4.443480023675853 -0.7478125949513301
0.8599243742779401 3.412730972749132 -1.25306523706608
0.5639966277151415 2.113576495378247 -1.8935459299136046
-0.17260260374775666 3.3416074685774526 -1.7280563075057926
1.9353129987726299 3.5232052170210824 -0.7835748721745719
-0.7373014620306413 5.8516890231110015 4.479845921493102
6.599645727928364 9.760602456359997 1.821205773077519
-4.377959164312415 2.345238996908363 -2.6172570041933296
-3.3209754675902605 4.19690308927656 -2.3260304658630613
-3.317480377798531 5.182717857690695 -2.088866465996019
-3.8090008240998974 6.229008709970408 -2.01257005692261
-2.5365858109411765 6.518722581100268 -1.5522919291560993
-4.646465373095392 5.414150324958138 -2.312322056562258
-1.2423567273132137 5.755336180898214 -1.1575438545881886
-1.1344911416161803 4.737314508993937 -1.4715003049192117
-1.5086818076881874 3.876867992783953 -1.9920413287287566
-2.5743603060070974 3.153089623826563 -2.516137647887871
-1.8145659797113824 1.9916286516701356 -2.743101098514374
-1.8167361220133158 0.7442843708670462 -2.9422853956871506
-1.2002839415693207 2.860827534895524 -2.3356262422977316
2.3914173435336084 6.7882520777864706 0.2666568985814103
1.0370453630292895 -4.138696035005938 7.922850543818139
-1.1016620801140682 12.188257368803722 3.560942420975289
-0.16662700263566393 10.95762795676669 3.3314369155874193
-0.7311595751458781 9.827890322582281 3.5075450317303716
-1.9399691928403742 11.244655687196662 3.7765581499743917
-4.170384318709462 7.330562681053399 -1.9337018301067925
-3.6725017233806794 8.24042578648411 -1.6802994331851
-2.8975274743445616 9.096196887983897 -1.3418005944666413
-1.5415894580190586 14.283669963793177 3.5698207664965658
-0.4919384691964344 15.195441813626037 3.2697132811433063
-2.6793322869979392 9.311626403398922 3.7656342082342036
-3.4670772563903247 10.436023138116333 3.864525059392487
-4.538646921659006 9.584752602338753 3.7871094969136463
2.9149739618459547 -6.1723131354679905 -0.7326441079170096
3.5816557379741294 -7.166689410043042 -0.5891127176017819
2.9471241116249534 -8.42104827249209 -0.05194652584153664
-1.4283204564776213 -7.6866058301427715 0.43132366477511663
-0.48507937502159854 1.2468868710804264 -2.505880148903044
-2.7915635599417814 15.469172872146938 3.7188541756747284
-2.028275639696895 9.94407445635634 -1.043667543589183
-5.901881770522124 6.614675400835559 -2.2570256935480213
-4.431007182327493 13.426285763633807 -1.4272773901337739
-5.505524154322236 12.583150569891565 -1.5554567941637665
-4.715838619024657 11.453397362689874 -1.6209237131402612
-5.796579927829623 10.627442976240811 -1.856309891681138
-5.00674403959649 9.497274755377344 -1.9191871607478368
-6.086289793597186 8.668020323103825 -2.1339813343531455
-3.2467892447620232 16.797868162723297 3.670637274020396
1.2903338922366079 1.3768629719949477 -1.7325367678338064
2.534813520499126 1.4477721013489073 -1.2120931654071359
3.394979845491324 0.9448198609670041 -0.946451265940502
-3.5610028834157643 10.23424055472768 -1.45473894650954
2.635500910602129 22.353080157530357 0.27500755570469426
2.1307882104587503 5.093446214526727 -0.09916303656844899
1.7163019152228651 -9.308415224988384 0.9684727760434182
413 412 424
148 676 667
392 391 393
128 139 146
328 388 387
356 380 355
680 672 593
446 445 447
571 570 550
156 29 155
659 661 304
408 283 290
408 290 410
120 651 652
120 652 121
37 26 77
77 26 15
516 485 561
300 301 281
555 557 554
555 554 261
673 529 671
672 673 671
470 468 469
327 307 331
565 257 566
257 565 568
204 203 574
531 537 619
392 394 406
406 394 396
364 636 644
635 364 644
106 143 234
333 334 467
363 357 355
357 356 355
466 665 469
661 659 660
338 345 344
665 373 484
358 365 356
390 407 391
624 641 626
397 388 389
644 636 643
194 195 218
195 201 218
389 390 397
291 290 285
62 64 63
285 290 282
610 519 509
15 7 8
592 91 622
533 531 530
410 290 291
76 57 73
74 76 73
297 303 296
516 576 575
515 516 575
358 359 635
119 122 130
55 56 58
122 142 129
610 473 475
449 448 450
451 449 450
310 311 309
397 390 391
306 293 301
404 403 462
645 646 368
302 300 295
300 288 295
284 280 281
322 316 317
639 637 638
193 620 194
553 551 147
146 553 147
595 579 590
579 595 670
385 326 386
386 326 328
368 380 365
258 582 256
582 257 256
620 270 195
361 367 640
640 367 669
331 292 294
292 331 307
489 490 491
67 66 82
640 636 361
636 364 361
361 360 366
669 397 398
635 359 364
281 301 293
167 168 173
173 168 174
365 380 356
76 56 57
382 342 344
482 477 483
654 675 674
655 654 674
401 608 465
179 679 178
451 452 466
162 104 103
547 568 567
530 463 464
463 530 545
154 585 586
155 154 586
571 254 255
114 115 134
677 632 678
545 530 531
46 101 100
145 553 146
619 667 676
619 676 543
582 566 257
174 176 175
462 463 542
334 337 449
138 111 152
151 150 138
602 603 599
537 532 541
587 588 581
125 128 146
135 108 112
108 110 112
571 256 570
676 551 544
152 681 151
389 388 329
330 389 329
540 117 144
93 86 87
145 146 139
285 504 324
252 264 251
428 572 573
621 97 98
184 596 180
394 395 396
547 546 548
548 546 549
386 362 385
28 27 29
115 144 116
659 304 303
63 64 191
12 23 14
442 473 610
652 653 659
652 659 297
10 12 11
12 10 23
640 669 638
669 654 638
140 145 139
343 341 342
188 168 189
29 27 30
237 245 238
322 321 316
74 634 75
622 593 592
660 659 653
88 90 91
90 621 91
416 417 419
88 89 90
194 620 195
249 248 262
93 87 88
101 103 100
93 92 591
590 93 591
527 498 497
429 428 573
618 488 489
522 618 489
44 48 49
52 44 49
659 303 297
441 443 444
590 591 595
519 518 509
426 432 425
529 528 671
671 528 594
98 97 61
474 160 151
531 533 532
15 611 7
391 407 393
407 603 393
362 359 358
47 53 86
40 39 38
27 33 30
13 11 79
512 271 272
291 435 410
371 448 341
127 126 109
230 572 460
229 230 460
75 76 74
621 624 626
215 214 209
118 119 131
119 130 131
439 454 524
454 323 524
481 683 480
562 617 478
506 444 508
444 443 508
680 593 668
668 593 622
650 540 539
540 657 539
443 610 509
440 441 444
274 288 287
274 287 305
180 596 182
413 424 425
171 186 172
389 330 407
424 421 422
13 15 8
10 13 8
355 380 354
244 487 485
129 142 233
630 677 666
471 468 472
241 244 485
658 124 149
352 182 183
377 352 183
664 663 226
630 629 677
531 619 545
545 619 543
473 470 483
332 598 599
183 182 596
487 490 488
637 641 642
641 637 639
482 481 480
181 184 180
242 240 241
242 241 515
365 635 368
607 604 605
471 467 468
98 623 621
74 73 104
73 105 104
417 420 418
526 501 502
41 40 51
499 496 517
496 499 494
502 243 526
576 664 226
13 77 15
564 405 403
547 567 404
565 405 564
394 392 393
308 307 327
326 308 327
359 362 360
631 642 628
524 319 457
319 524 318
353 380 379
380 353 354
398 391 392
675 398 392
456 441 440
601 536 535
174 169 176
617 562 561
321 324 314
388 366 387
635 644 368
368 644 645
669 398 675
654 669 675
591 592 595
312 384 376
669 367 397
680 668 656
397 367 388
388 367 366
236 237 238
358 635 365
318 315 320
319 318 320
445 440 444
285 282 298
584 583 585
454 438 437
266 297 296
266 296 633
306 600 293
73 57 49
391 398 397
409 410 415
440 446 439
368 646 381
447 510 511
510 447 445
56 65 59
452 373 665
370 377 558
377 370 346
334 449 451
366 367 361
546 547 542
331 329 327
329 328 327
88 55 89
505 504 309
309 504 289
640 638 637
606 534 533
637 642 643
298 289 504
410 435 415
504 505 324
568 569 257
636 640 637
667 149 148
580 581 588
263 24 250
264 263 250
472 470 473
442 472 473
159 126 136
636 637 643
378 183 596
2 0 5
173 682 170
381 380 368
285 298 504
334 325 336
325 334 333
584 153 99
584 99 587
644 643 647
308 326 310
0 6 5
381 382 379
380 381 379
134 102 143
361 364 360
360 364 359
666 677 349
347 348 349
347 349 350
345 337 340
562 480 683
651 650 653
326 385 310
382 344 379
282 279 280
298 282 280
335 336 339
43 40 41
428 460 572
334 336 335
354 363 355
339 353 340
339 354 353
452 665 466
353 379 345
335 337 334
439 456 440
467 466 468
313 312 375
341 448 338
344 341 338
204 206 185
186 204 185
523 521 500
523 518 521
451 450 452
418 420 447
333 320 325
320 333 453
654 639 638
334 451 467
343 346 369
479 618 612
287 300 286
198 513 434
338 448 449
336 325 503
337 338 449
315 314 313
471 472 453
333 471 453
450 373 452
678 632 175
469 665 482
338 337 345
379 344 345
79 80 72
387 386 328
375 503 313
385 362 383
384 385 383
339 336 503
340 353 345
287 288 300
302 306 301
408 410 409
509 508 443
335 339 340
468 466 469
339 374 354
608 607 605
608 605 606
485 486 561
486 617 561
354 374 363
332 599 603
332 603 407
390 389 407
295 288 633
133 116 132
439 438 454
314 324 505
279 286 281
279 281 280
289 298 284
407 330 332
328 326 327
329 388 328
438 446 420
446 447 420
598 332 330
315 313 503
340 337 335
149 123 148
310 312 311
358 357 362
357 358 356
385 384 310
333 467 471
376 383 363
376 363 374
296 295 633
387 362 386
362 387 360
357 363 383
360 387 366
383 362 357
242 515 577
229 216 215
503 374 339
317 315 318
384 383 376
52 45 44
291 299 455
375 376 374
375 374 503
312 376 375
414 409 415
277 278 283
277 283 408
315 316 314
316 315 317
384 312 310
342 341 344
325 315 503
466 467 451
65 56 76
315 325 320
517 500 499
286 278 305
278 277 305
314 312 313
513 458 434
457 472 442
643 631 647
316 321 314
628 629 631
604 601 535
604 535 605
319 320 453
521 491 500
472 468 470
507 506 508
523 507 508
677 629 632
475 483 476
457 453 472
436 415 435
415 436 417
228 525 526
477 480 478
559 373 372
280 284 298
527 497 501
455 436 435
299 454 455
598 600 599
600 602 599
479 612 477
456 439 524
457 456 524
457 441 456
513 514 458
321 322 299
322 323 299
304 661 536
323 322 317
457 319 453
492 493 499
420 437 438
510 506 507
446 438 439
395 609 607
395 607 608
409 277 408
524 323 317
524 317 318
426 427 428
426 428 429
419 417 418
482 483 470
244 502 487
57 52 49
446 440 445
442 443 441
443 442 610
649 563 498
454 299 323
314 311 312
311 314 505
442 441 457
506 445 444
605 535 534
411 409 414
461 527 501
553 557 552
557 553 554
606 533 530
630 647 631
164 233 634
541 661 660
235 19 158
601 600 536
48 50 105
285 321 299
291 285 299
667 619 657
657 619 538
646 382 381
191 233 232
321 285 324
177 172 178
641 624 625
371 341 369
560 373 559
347 342 382
97 96 60
343 342 347
121 122 120
297 121 652
308 310 309
645 644 647
604 607 609
604 609 603
289 292 307
589 94 590
593 595 592
177 175 176
420 436 437
436 420 417
130 122 129
113 110 125
278 279 282
428 430 460
460 430 527
121 141 122
122 141 165
498 563 497
497 563 496
633 288 274
190 189 166
114 112 113
117 540 118
276 274 305
274 276 273
182 351 180
180 351 179
677 678 351
277 276 305
276 277 409
287 286 305
350 351 352
278 282 283
283 282 290
281 292 284
293 292 281
291 455 435
88 92 93
92 88 91
674 675 673
141 297 266
534 661 541
289 284 292
308 309 289
281 286 300
278 286 279
331 598 330
329 331 330
300 302 301
671 594 670
602 604 603
436 455 437
454 437 455
505 309 311
307 308 289
598 294 293
600 598 293
598 331 294
533 541 532
293 294 292
276 411 459
264 265 613
393 603 609
594 578 579
549 544 552
539 657 538
535 536 661
535 661 534
544 549 546
543 544 546
657 658 149
667 657 149
547 548 569
650 651 118
464 465 530
395 608 401
676 544 543
396 529 406
406 529 673
465 608 530
608 606 530
125 146 147
606 605 534
588 99 95
94 588 95
129 233 130
104 105 103
578 594 565
582 259 583
259 582 258
399 395 401
405 402 403
536 600 306
622 621 668
542 463 545
653 541 660
188 201 200
201 188 218
150 139 138
534 541 533
651 653 652
261 556 265
556 140 265
462 464 463
623 624 621
537 531 532
552 550 549
550 552 557
418 649 419
538 537 541
133 132 162
128 138 139
297 141 121
274 273 272
641 639 626
621 96 97
648 98 61
190 166 63
476 483 477
627 641 625
165 620 193
274 272 633
268 272 267
272 271 267
162 132 131
81 39 85
276 409 411
302 303 306
268 267 266
303 295 296
602 600 601
602 601 604
302 295 303
628 627 682
304 306 303
675 392 406
306 304 536
414 415 416
432 426 429
399 396 395
123 125 147
403 465 464
256 257 570
22 6 19
546 542 543
542 545 543
552 551 553
581 583 587
404 462 547
571 555 260
593 672 595
585 583 259
551 552 544
657 540 658
540 144 658
144 115 124
251 253 252
580 578 566
581 580 566
613 140 139
663 223 226
450 448 371
450 371 372
144 124 658
30 154 29
29 154 155
232 165 193
164 130 233
130 164 163
101 46 66
571 255 256
157 235 158
586 259 248
247 586 248
258 262 259
262 248 259
154 153 584
113 123 124
123 147 148
256 255 258
255 262 258
160 613 150
265 140 613
102 101 234
430 423 498
527 430 498
22 18 615
6 22 615
646 348 382
6 615 5
157 156 247
247 156 586
586 585 259
150 613 139
613 160 474
556 553 145
140 556 145
474 151 681
554 553 556
261 252 260
555 261 260
556 261 554
253 260 252
587 583 584
597 264 474
264 613 474
580 588 589
595 671 670
547 462 542
627 625 682
550 557 571
578 565 566
568 547 569
549 550 548
265 252 261
555 571 557
254 571 260
405 565 594
235 157 247
569 548 550
257 569 570
550 570 569
50 44 43
253 249 262
254 260 253
135 114 143
235 20 19
39 47 85
251 264 250
566 582 581
89 96 90
96 621 90
403 464 462
393 609 394
402 465 403
21 22 20
20 22 19
250 253 251
255 254 262
551 148 147
111 138 128
670 594 579
254 253 262
249 253 250
148 551 676
587 99 588
674 673 672
529 396 399
589 579 580
639 654 655
668 621 626
578 580 579
594 528 405
528 402 405
568 565 567
680 674 672
248 249 24
40 34 51
609 395 394
156 155 586
672 671 595
402 528 400
680 655 674
655 680 656
465 402 401
400 401 402
400 399 401
529 400 528
529 399 400
564 403 404
567 564 404
564 567 565
94 93 590
675 406 673
348 666 349
589 590 579
539 653 650
539 538 653
538 541 653
592 591 91
591 92 91
626 656 668
54 53 45
626 639 655
656 626 655
583 581 582
650 118 540
621 622 91
34 32 36
123 149 124
588 94 589
538 619 537
113 125 123
116 144 117
116 117 132
23 10 9
93 94 86
85 86 95
81 95 99
143 114 134
17 597 474
163 162 131
22 17 18
136 126 127
136 127 137
23 3 14
14 3 615
678 175 679
158 6 0
615 3 5
3 2 5
13 10 11
16 25 14
250 24 249
584 585 154
235 247 24
247 248 24
156 157 611
611 157 1
611 1 7
154 30 153
153 30 31
28 156 611
9 8 7
19 6 158
20 235 24
25 681 159
252 265 264
151 138 152
151 160 150
17 21 597
21 20 24
263 21 24
263 264 597
21 263 597
156 28 29
26 27 15
17 22 21
11 25 80
11 80 79
51 35 68
41 51 68
7 2 4
4 2 3
82 66 83
18 17 16
681 16 474
16 17 474
25 11 12
9 4 3
23 9 3
28 611 15
45 43 44
152 159 681
25 16 681
13 79 77
110 108 111
27 28 15
14 615 18
16 14 18
79 72 78
25 12 14
85 47 86
1 157 158
153 81 99
30 33 31
33 38 31
201 196 199
200 201 199
0 2 1
10 8 9
94 95 86
1 2 7
1 158 0
83 66 68
9 7 4
240 243 241
243 244 241
70 36 614
72 70 614
54 55 87
87 55 88
72 71 70
31 81 153
39 31 38
68 66 46
152 111 126
114 113 124
64 59 65
85 95 81
100 105 50
104 162 163
74 104 163
69 68 35
69 35 70
101 161 103
39 81 31
86 54 87
126 159 152
132 117 131
117 118 131
115 114 124
58 89 55
56 54 52
54 45 52
106 107 135
78 72 614
45 40 43
77 79 78
37 77 78
234 67 106
47 40 53
96 89 58
84 82 83
108 109 111
34 33 32
53 54 86
620 269 270
38 33 34
27 26 32
84 83 71
60 59 64
105 49 48
70 71 69
108 135 107
665 484 481
484 683 481
111 128 125
110 111 125
76 75 65
84 72 80
36 32 37
172 177 171
236 242 577
242 236 238
198 197 513
246 245 227
42 41 68
137 84 80
106 84 137
127 106 137
48 44 50
159 80 25
37 32 26
39 40 47
126 111 109
45 53 40
70 35 36
59 58 56
80 159 136
38 34 40
83 68 69
35 34 36
46 42 68
50 42 46
50 43 42
43 41 42
493 494 499
32 33 27
205 204 574
351 679 179
246 214 215
214 246 212
560 663 664
477 612 476
216 246 215
377 183 378
34 35 51
171 169 188
171 188 187
37 78 614
36 37 614
227 237 236
137 80 136
106 82 84
72 84 71
82 106 67
71 83 69
110 113 112
105 100 103
101 66 234
200 202 187
234 66 67
106 127 107
105 73 49
127 109 107
218 188 189
100 50 46
109 108 107
114 135 112
170 166 167
64 65 634
115 116 134
134 116 133
56 55 54
162 161 133
102 234 143
106 135 143
161 101 102
634 65 75
651 120 119
218 189 192
651 119 118
133 102 134
164 634 74
232 192 191
131 130 163
63 191 190
60 96 59
199 196 197
198 199 197
165 142 122
165 267 269
119 120 122
163 164 74
97 60 61
169 168 188
96 58 59
161 102 133
161 162 103
269 620 165
142 232 233
170 682 648
64 634 191
56 52 57
233 191 634
512 272 273
433 199 198
515 241 485
515 485 516
459 412 413
412 459 411
193 194 192
232 193 192
574 203 433
203 199 433
201 195 196
170 167 173
271 270 267
168 169 174
268 633 272
60 64 62
196 195 270
171 187 186
188 200 187
269 267 270
625 648 682
173 174 682
514 275 459
266 633 268
267 141 266
646 666 348
267 165 141
191 192 190
192 189 190
167 166 189
232 142 165
61 60 62
623 98 648
625 623 648
625 624 623
196 270 271
627 642 641
645 666 646
643 642 631
628 642 627
647 666 645
647 630 666
351 678 679
62 170 648
61 62 648
166 62 63
62 166 170
480 477 482
194 218 192
189 168 167
178 679 177
171 177 176
220 219 222
558 378 662
229 460 461
214 212 211
511 418 447
215 208 230
229 215 230
216 229 228
228 239 216
239 245 216
236 577 226
559 558 662
229 461 228
632 174 175
275 273 276
433 431 574
574 431 573
458 514 459
196 271 513
559 662 560
573 431 429
275 514 512
275 512 273
413 458 459
517 510 507
196 513 197
433 434 431
434 432 431
459 275 276
422 425 424
423 649 498
488 490 489
421 419 649
458 413 434
271 512 513
512 514 513
461 460 527
412 411 414
416 415 417
431 432 429
412 414 416
596 224 221
616 596 221
521 518 520
486 487 488
487 486 485
520 612 522
522 521 520
412 416 421
412 421 424
421 416 419
370 558 559
217 227 236
220 616 221
228 461 525
428 427 430
427 426 425
427 425 422
210 209 211
221 210 211
434 413 425
434 425 432
433 198 434
421 423 422
369 346 370
427 422 430
430 422 423
495 497 496
494 495 496
421 649 423
508 518 523
518 508 509
445 506 510
240 242 238
612 519 476
612 618 522
522 489 491
502 493 492
519 520 518
495 494 502
501 495 502
618 479 617
500 507 523
243 502 244
245 239 238
497 495 501
490 492 491
496 563 517
511 510 517
492 499 500
492 500 491
211 212 220
517 507 500
185 206 184
525 461 501
563 649 511
649 418 511
563 511 517
663 222 223
492 487 502
562 478 480
610 476 519
521 522 491
519 612 520
482 665 481
473 483 475
478 617 479
610 475 476
488 618 617
478 479 477
488 617 486
487 492 490
245 237 227
246 216 245
239 243 240
239 526 243
494 493 502
577 515 575
525 501 526
228 526 239
208 207 231
231 207 206
238 239 240
222 219 223
178 181 179
227 212 246
205 573 231
573 205 574
576 562 683
217 219 213
213 227 217
371 369 370
212 227 213
219 212 213
209 214 211
208 215 209
206 207 184
205 231 206
184 207 225
596 184 225
231 230 208
378 558 377
231 572 230
572 231 573
204 202 203
220 221 211
202 204 186
187 202 186
209 210 208
219 220 212
210 224 225
210 225 208
225 207 208
203 202 199
202 200 199
205 206 204
662 222 663
382 348 347
470 469 482
484 560 664
560 484 373
484 664 683
630 631 629
225 224 596
372 373 450
223 219 217
576 226 575
223 217 226
217 236 226
577 575 226
516 561 576
576 561 562
683 664 576
220 222 616
351 182 352
352 347 350
347 352 346
347 346 343
372 370 559
370 372 371
369 341 343
662 378 616
632 629 628
628 682 632
682 174 632
352 377 346
178 172 185
349 677 350
350 677 351
172 186 185
171 176 169
679 175 177
179 181 180
185 184 181
185 181 178
662 616 222
224 210 221
663 560 662
596 616 378
