626 1248
4.377177387001321 21.92411136372941 -4.452099574423703
4.787439472196582 23.152357208556097 -4.496895524778698
5.778123435096116 21.738326172621214 -4.355166829587571
7.033533161389341 21.711739549030995 -4.108250751635077
6.868118722241565 20.423188453399305 -3.6824446190009827
6.809382871775264 19.386710515747154 -3.272225273243919
7.837640960535116 20.085556272468843 -3.1495955307748615
6.64880956634 18.433215821448968 -2.9560269263589247
7.8820491391908565 17.63448804645578 -2.149692309640117
8.157735574476153 18.683582687109322 -2.217135142244557
8.732951667924555 20.82241690243808 -2.9041214757279574
8.720254443085235 21.69284221355843 -3.3673969129663415
8.48610757120481 22.722937092373463 -3.397895149368588
8.40947635809409 22.71469563881265 -2.4986827497535775
8.7641309528797 21.80346856922884 -2.0944505957886133
6.99844553411891 22.41235241172491 -4.283440964062479
7.498354000728755 23.627146003950536 -3.585016435943403
6.344582680563558 23.09137899586598 -4.394120439482121
7.345746290499419 23.587455814450507 -2.5900901049369254
6.383816170519314 23.796733781085642 -2.31431238573879
5.413573416316343 24.385086756942243 -2.6679115995760356
5.7648876629249335 24.310430262476693 -3.659961747480341
8.233864095785723 20.78961592502049 -1.3205566558566588
4.4867694540031176 24.274765170362166 -3.8295613648146634
5.575188175459924 23.55719395888103 -1.613460194780941
4.102122343175884 24.2428853274819 -1.7818198852760003
4.358375524219278 23.230284665408455 -0.851638642906769
3.53045923144419 23.458734893855166 -0.7139963213693802
3.4817028550780296 22.380855862647394 -0.03683133593434297
4.050287726672651 21.49219043666386 0.2375023617793111
3.8679268935448974 20.412514707078998 0.7472705489314031
4.790657534655923 20.20846500663408 0.38877178525825634
5.771422660671672 20.577709431066765 -0.14479350213278785
6.621929461694391 20.652958988108054 -0.5259612903890771
5.966422110596452 21.686727678023388 -0.6173535396299161
5.3468067210352475 22.494706506201503 -0.7764196658819937
6.47465872901407 22.84010018833328 -1.4466253989510174
7.346567598592201 22.51574847034012 -1.600304015914715
7.759564647291972 21.73941015521492 -1.343662258486515
7.797141931733155 16.637175256772068 -1.9594191485347534
7.318662535202206 15.672492825854258 -1.89699826751817
8.481835079355834 15.611529393966592 -1.0422432150969207
6.559310994416802 14.955790174335624 -1.9064977648726782
5.712531972010367 14.347101718907131 -1.9114556419871858
5.115517210815636 15.26186614773002 -2.2934328733111613
5.929240286453391 16.35615784582341 -2.5239861876389345
5.435938564556436 17.329406754038367 -2.998250641598856
5.863310282715859 18.296272996230016 -3.221271829143144
5.798283982624756 13.392908604664887 -1.4723519663828037
5.793473270005923 12.300154486317602 -0.9532172464332067
6.900518099800329 13.394619600142358 -0.9371976425979147
6.7618476725130146 12.659282937672277 0.15274792323246938
4.496639896304873 14.190273152758953 -1.936021528506767
7.71955669846173 14.49330252691805 -1.000824815498874
5.235602570551575 11.215694260519424 -0.7918525408558095
5.199396530232459 10.375367197761733 -0.36711463212332673
3.8068060214542574 10.168710659465987 -0.7363846244196038
3.9276773816816255 9.210530707122356 -0.29486476324397615
5.334352844316613 9.37715454718202 0.307954930411114
5.248255162764589 9.199879625180444 1.2996289261303229
4.618888168838295 8.155459978581195 0.3455658567351784
4.191346974456812 7.2840900899091325 0.46697316930526545
3.9403843436812904 6.2409218711493155 0.46145377507211427
4.050148889751549 5.24996505859664 0.5400372475484049
4.2391524630201785 4.26548660922933 0.5766614776567219
4.199909089520887 3.230007360127273 0.34253106551760115
2.984251774001513 2.9888485034839474 -0.24075875941312372
2.6883890319323216 4.02926087858739 0.07258483695979143
4.307200084578785 2.1492532109576636 -0.06493739618484859
3.442377577581976 2.043792807462737 -0.6254330040404711
2.402190549921685 1.8354415471827432 -1.0750674661438429
2.684252466808363 0.8585493133657903 -1.5807361245945486
2.874761411520076 -0.22872457083487574 -1.8797139135940426
5.034982611723621 1.2843127463448363 0.0029327058411547646
5.579693474755353 0.472270108587636 -0.001959927862130964
5.668494928208085 -1.048551592375216 -0.6370224110676339
5.509902019143868 1.4039491603758596 0.7299904358010252
5.317347626768283 2.3773051542580386 1.139395270324881
5.076861249689186 3.4140543240206704 1.238649772232162
6.292869802383248 0.5521874445458869 1.686859946263445
6.466974360261185 -0.4283660915455427 0.8650933613223669
6.985840868153533 -1.3636213046982992 1.7094063854640014
6.5967503281886435 -1.5147104496584973 0.4710528139041551
6.887903039680827 -2.465003955646644 0.766414718908009
6.730050761632286 -0.35302465466795596 2.090544067475761
6.392051334712624 0.039611481766775675 3.019251393767843
4.969876671634791 5.4347105780229565 1.3796149734166139
5.132468222952514 4.480473153321132 1.8225746141509882
4.931610862157769 6.773195307685124 1.3189749082842126
4.583588498124822 6.975165580474319 2.356022092213844
6.998148856418493 13.696791239766986 0.3842204642549958
6.411919533801612 15.010542387326563 0.8567342317317183
7.562476085160289 14.848332962359963 0.21227546537685338
5.917780739951129 13.619575272063274 1.0908639742466615
4.500822069558873 13.494426394632283 1.7285376430640076
4.438363826063542 14.833232461346594 1.708550604027687
3.7669545677704988 13.43683484182941 2.146293068760245
2.84471111567307 13.303138827723066 2.7656693580888687
2.765981923731854 12.34429430817796 2.6825886693844643
3.1032934754733645 11.353208467921409 2.413838639786885
3.1376861110932777 14.410516431178126 2.647933672000679
4.171434151197057 12.141014481780953 1.8688439822164904
5.765395926373729 12.306171154985732 1.0812263093976497
3.3377723485924653 15.431448157437227 2.461492061854146
2.9404388919101057 16.402042444329233 2.5733084030098237
2.7283150320348577 17.36848824642602 2.353452193542977
2.0887692959542568 18.153485400598456 2.2885711954827426
2.085348782023815 19.263610956018894 1.7887366305715913
2.327729121435462 20.37466164266133 1.2413362757424475
3.146886491055621 18.38070312518296 1.729453614174958
3.3046237441708577 19.473097183583135 1.2735503836877788
2.339346706451571 21.23967661071657 0.8412021062345432
1.1959961105219579 18.688452039947997 2.2596254299697685
-0.25353267843803157 18.960719007732315 2.1449615933746298
2.2341521820942503 22.197664426062296 0.3564393045775187
0.10743732791497129 20.00605345369916 1.5395519375739468
3.867666049426304 18.436457577713178 1.309339898275301
4.094957057501062 17.465418532288496 1.4505272943773533
4.34309913242318 16.160217869412556 1.595286006859729
5.042669492468298 19.02671892591102 0.5489294597145634
5.604287075032365 17.584501194712274 0.59903168337632
5.8126983192138955 16.61383857122369 0.7734662360915637
5.952792303124479 19.1021570814652 0.0794554553917711
6.903950129995279 19.167104656505735 -0.34394397982014846
7.534675921130632 17.753456047808243 -0.28836505919980693
7.985037866459253 16.415278037286498 -0.03387169736716911
0.7893062159728073 22.498992103718457 0.014407110348764962
-0.21594961543507712 21.934512372189268 0.10730292069116362
1.6874723662870104 22.893859184100037 -0.06858903480084692
0.30933994923650093 18.103960629958358 2.6900856867413605
0.22551069998623785 17.142596137480588 3.230385822550241
0.5180981421218472 16.19065288948663 3.6943960323433673
1.490873859904753 16.346353265889796 3.4067868672775354
8.060798555396378 19.109378205373204 -0.9954696848208335
0.01995313320819664 20.83867680167222 1.0116955560698173
1.8066091686852839 11.940149002108509 3.328206942863758
1.645018359957595 13.283463116843453 3.513459685878813
1.6909469132694823 14.534613440854244 3.5791498933024806
0.8918857339728291 13.221474446722292 3.907243129638071
3.5761898142750863 7.393946755439039 2.732039406065199
2.6815938433514743 7.3227095187174 3.228790088592668
3.1715441285935246 6.372955717079812 3.2286028903473656
3.5270069740741907 5.300211422028118 3.4340405936805998
4.311023285779006 4.502119221594602 3.3329294815812602
4.529014035884495 3.5345333047223284 3.530064495781902
5.2121736829051954 2.5901184790518297 3.3009361306908143
3.8843546193618947 2.1518335346095085 4.093019552744441
5.302019759316169 1.208266963330242 3.804740269047681
5.92976488226725 1.592436380527511 2.374452061047823
3.914143916070817 1.1583116128281934 -0.9554837689091712
4.737511419964719 0.31743877586335084 -0.9729986446502135
4.853398781889011 -1.3755838825851483 -1.3177190404135117
4.0847885861915465 9.422208390159629 2.0296861435600486
4.014450932360889 8.422616869816423 2.2773843310797752
3.337024530421274 9.356996955757696 2.376285973996008
3.7065327452139556 10.389433848808645 2.071718423209604
2.38590603796679 9.27325382627388 3.038053299962898
5.6390678090818485 -0.32740972932269696 4.058538290824216
6.105698804177002 -1.2825447428936705 4.028622854720392
6.674831336597155 -2.517922207633368 4.1712954084766904
7.150508705109328 -2.250757433342017 2.961767702886948
6.000936065164786 11.236316816972682 0.22429490625679555
1.592985512082694 7.58470788679566 4.019106555386528
2.1944670403861526 15.356083891059347 3.2861953347763486
8.716757057314979 19.782832074689395 -1.9957828625555682
5.74132973549581 15.28102377087257 1.0693494279106939
2.5536412502630537 23.733940029989697 -0.8330656170563224
1.5185860879779407 23.951719712888178 -1.5577056258121
2.83353953415998 24.399169336416612 -2.1868836789451107
0.7252993537008722 23.41170518908301 -1.4255910931349889
0.7735202315958403 22.847881531872545 -2.869609510424348
-0.0115304636514732 22.68839704119945 -1.4046611254863488
-0.8673978968216205 21.577243981476386 -1.6627240245164367
-0.5435826460734283 20.601652212813477 -2.504112553583751
-0.6516208518779147 19.30651201205181 -2.585689482182413
0.3212403557741711 19.656296597988522 -3.020681463119778
1.2483480396228768 20.14184397754226 -3.4899463882241233
-1.8459112507907118 19.47753113618534 -1.8923104119067713
0.06660565775863919 21.647004544118815 -2.718722653229681
1.2007987049940676 21.748911118008046 -3.5074545153792798
2.326594772853757 21.511214422452717 -4.014779363719812
1.7933615452933278 22.857388447223556 -3.707862681561978
2.7832102440561877 22.9051442325555 -4.156001496795387
3.0632856850648578 23.9989758870614 -3.7263966741168204
-1.7830317831784392 20.55168330864887 -1.3517819960212811
-1.01368821820925 21.674984438095862 -0.5901771824423383
5.647846089590685 -2.378852807979978 4.988783982108216
5.91343524231359 -3.2337604371110125 5.183266600792976
4.393866907998401 -3.0441616458606524 5.756120199884371
4.5457572958506915 -4.340592128221781 6.103735066591729
5.078285299122492 -5.619565709845903 6.133946968102777
6.264628544653224 -5.191267928033557 5.435905780541303
6.117478881976473 -4.207117193471376 5.3317136415103805
6.355021027856918 -6.186293019969295 5.494661802143736
6.3038771568351235 -7.214454659720543 5.42370198729808
5.341957709103361 -7.283171247378085 5.9968030069483005
4.520297550460388 -7.4688320431752295 6.3522577716987225
5.459821786589654 -8.298698754400265 5.436707714534034
4.585081126379093 -8.67127003604636 5.712046018591024
3.776997730691033 -9.55168867584021 5.492685266256432
3.871629120134204 -10.017674259651018 4.109700375436377
4.946093714421272 -9.448404728289846 4.420718550942826
2.8106415837547565 -9.6548897768384 5.959873007452876
1.547759218346996 -9.819054773785547 6.416585085867103
3.4420505252401874 -7.45423647568612 6.812325685218519
2.4445128353348253 -7.07788857658358 7.118188168722755
3.6732720721586176 -8.52506390989222 6.378231054629482
1.1635723605083217 -7.0285842091168185 7.265482657136118
1.9988878562455976 -10.41989432476419 4.994027624903036
1.4938690258876728 -8.556250076727355 7.0544959155952585
3.9374978032007015 24.565051853097813 -2.7753682621009714
3.035351889129003 3.888492170141636 3.963366049691939
1.8323473790255194 4.27628457517202 4.364700241758136
7.201119553878415 -5.143388075433425 4.592649119296714
7.014477819964925 -3.8354265455768197 4.387857231691432
7.805263553083861 -4.1909534457717195 2.9627589565000845
7.296277653077079 -6.1392907129825565 4.633536952689793
7.260310708281287 -7.141453389620523 4.50269933327212
7.624734729633385 -7.508143236994153 3.6225479130166782
8.141644527811852 -5.739365860071994 3.293694481029922
5.165917352231599 10.8493682913972 1.3418637006307106
2.893038869975664 6.086054255908883 0.17760225280725
4.67864642061717 -1.2755073237113026 4.9227635560451075
4.454042507248927 0.06361830039335437 4.47173350594314
3.478701706267009 -0.05833680503019531 4.729968153128766
2.155563506297684 -0.6681537947194423 5.225720278255106
2.5015603109108087 -1.613530667391761 5.549494706423566
2.8898705712432267 -2.505247970971767 5.881673746416419
2.9837938792557503 -3.757450129244321 6.354777180798948
1.461097494413809 9.256369829804216 4.0083328586101095
1.3680463108040382 10.252615554885734 3.968398028704116
1.2569939946438358 11.242648253786754 3.88058093287866
0.562671240862173 9.222984453685319 4.9692673596889145
0.5883233921666616 7.848548264378054 4.963632560936933
0.45638528748438495 10.214915557745682 4.897196050750031
0.2600981005521128 11.1880424619501 4.734179251420207
-0.2096786175793433 12.029238043192953 4.643566491170131
-0.9916754926283344 10.08876125369795 5.569956086624321
-0.9455156902713404 9.097439357195316 5.740769757625171
-0.8628143328460809 8.101570136556315 5.800991001392543
-0.5938429321952674 13.07876861015886 4.436812536023205
-1.0989072070970147 13.881275665128069 4.292880243133044
-0.7990114126743559 7.100090095414882 5.821985838446278
-1.2620147616981088 5.79978952638901 6.086273655614952
-0.14997131783585566 6.145426358801535 5.520595933928108
0.4620396479323412 5.179061528071498 5.133780690137757
0.28391031368102887 4.161881758862535 5.332291459246597
0.5499698159757042 2.960300924019068 5.216050247257968
-0.940082727633698 4.518718300793016 6.041902292754107
-1.7976808469533636 3.9899914890461097 6.413902861013518
-1.181088890177483 3.036351135371019 6.174212367656484
-1.243187678523038 1.9210016766915916 6.170467135551306
0.8918126588514066 6.4628439537998075 4.719963452006355
-1.850835479588802 0.9413072407644066 6.312745836495112
-0.7980549596706472 0.030885684762345617 5.933595065364884
-2.8389376882784116 2.197469154203689 6.6985577697466345
-1.9831898321974353 13.339914073434207 4.509497900080017
-2.2871266826199297 11.897655501364389 4.952554454930956
-1.709093359421288 10.985931507416502 5.279038213878701
-2.91668948518825 13.287828278543826 4.3567425806941875
-3.6314199389844726 12.555544226724548 4.33964243267181
-3.8806992606732997 11.662225361435366 4.52316295946052
-3.5560430472456104 10.728233982614263 4.965023370292547
-3.8876836742584366 13.628464899016869 3.8532180182092626
-4.8410302451794545 13.526669725516564 3.331403052197191
-4.1057222959007795 14.685947370700617 3.3032848228591947
-4.564517702607028 10.897208715294875 4.435904939437804
-5.378510658901756 10.430486632196413 4.128827046966202
-5.279299736531849 9.477668305830079 4.5423916160542355
-3.900984407707517 9.68684302233846 5.123831722489554
-4.702746504182764 8.572984555219449 5.099267711174062
-5.0475416129493995 7.531354344201536 5.254956641385503
-6.035442259150702 7.5070497998525125 4.693549698657649
-5.844917466052926 6.4103204937147815 5.136837858055912
-5.733262604598193 5.441764319199188 5.483807264987194
-4.62848820936699 5.623345003935935 6.003871519879862
-4.8281948772114225 6.449361517210748 5.698053192337521
-5.916619307648599 8.372172264314235 4.512101609825051
-5.397515463790548 4.2823315195848854 5.975428688877599
-5.664759172411205 11.358430869257482 3.555376594286304
-5.301706367285514 12.313590790484426 3.433845792260205
-6.3206594627679396 10.313676076824832 3.5081027664218496
-6.6975629434987765 5.386874591528798 4.82173848147789
-6.5260678120488285 4.313253424686772 5.268200568704489
-6.151374583518707 3.3897482993850323 5.761009075396582
-6.040330887859641 2.3430269742933305 6.076605919653062
-6.281029795748682 1.3802028716578396 6.114177434597027
-6.240044863205374 0.3832472377996998 6.224633421863155
-6.603612424260828 6.2723496408344 4.618974631353756
-6.857072206830469 7.212443539249905 4.142824934196769
-7.0720514122637566 8.160277925603062 3.701934434630485
-6.784243106398078 9.081531287027955 3.616894659001298
-6.969716557268545 0.2558577471152861 5.790801630484112
-6.361353405627787 -0.6474589975065421 6.173004212018497
-5.973421250631485 -1.8255461004967344 6.225545116627198
-4.641100868771912 -1.7603495594637582 6.352085951273165
-4.89789306202672 14.42740557356979 2.8177123996123585
-3.566932000767292 15.631008407648284 3.124878282498783
-7.600808583828963 5.99547320154357 3.7181051009453867
-7.659014588262666 5.074547077695472 3.9633186280905717
-7.244819567358473 4.176331703144309 4.702345652193946
-7.319743023228246 3.1884330735027846 4.929376492237603
-7.348064470835305 2.176274910346533 5.130283709934239
-7.705767940739369 7.027166743128041 3.1888763909552305
-7.872169952911772 8.028559165198939 2.6718773481960043
-7.8846020712982074 8.056589579742898 1.5740658229463738
-8.139966078942003 6.856476334368555 1.781706841230718
-8.209871245022372 5.881255811058955 2.3238660914700064
-7.563494862063081 7.129858607660687 0.8370646220451883
-7.66346490038295 8.966059932367518 2.1128882807990945
-8.377454306514727 4.856093727756761 1.8956702565330525
-8.865506789637365 3.7486456707240428 1.9860521451517585
-9.111159870840288 2.8388990382831656 2.172946454439105
-9.37815828350041 1.3123372979081933 1.8351147067298195
-9.023125093991924 3.127133617650805 1.0850503771012832
-8.9020117778533 2.483616209305498 0.28990934835767307
-8.92866707717516 1.5660118603654316 0.14218037311808665
-8.953201451110838 2.103967848351673 3.0684525476140503
-8.82656431315497 0.5727271110453134 0.20421644666814043
-8.64394611056755 -0.4026329919742319 0.3609613643000718
-8.571695290258337 -1.257624024250155 0.7752901335092564
-7.796605002430873 2.658578962706775 -0.592991593697229
-7.851229936472359 1.4400841836948501 -0.6455747779641037
-6.971354264036103 2.223291403791412 -0.9954447349502116
-7.032656480771334 3.637896103823766 -0.6868403707252075
-6.305682932538228 4.3269295063600275 -0.7315548863289231
-4.837126660934624 4.009661481971317 -0.974562348897885
-5.163796365635762 2.938380220648317 -1.2054725882500468
-5.280962882853437 1.9075132793076222 -1.4332123606591738
-5.597065944603812 0.8461477952796561 -1.4721717696526566
-4.964557499337243 4.922845588750228 -0.7032064308651116
-8.27498389266304 -2.3173813766108005 1.1043869324234967
-8.234705377506632 -3.1811040844460003 1.6946773863829225
-7.406571652389309 -4.201905145313943 1.4548709174622791
-7.1450904318429265 -5.215275185391767 2.2102801813611572
-5.122955061113332 6.049047106567519 -0.33503192658973446
-6.644487712977944 6.218260905434163 0.0669750237692924
-7.713675059157236 5.809161660195409 0.696849602191193
-5.461238010495345 7.025425107377779 -0.021110330720371537
-6.344189959314147 7.979102765417197 0.4019829215970412
-6.0081990905325835 9.035135687776169 0.43408080455497944
-6.897126056525991 8.884088134584644 0.7806768305010483
-5.929347861495303 10.09503302435924 0.5774379238076389
-8.218676366039151 -3.856500186831054 2.8349912590405575
-5.552979080336984 11.121287378457758 0.513853794300053
-5.511388456734412 12.247224129212018 0.5274411499767356
-5.667463104749715 13.159722477005687 0.8815060595550868
-7.428512866379484 4.884720910588813 0.023062833929170592
-8.1923540287176 3.729726268788942 0.09703063352159275
-8.2421448590866 1.9879394940119024 4.208261748918411
-8.228123344888902 3.0449653219340704 3.9756681290444815
-8.320578343758022 3.9365119342504893 3.432949849575999
-3.862467375467369 7.680564634921766 5.7237755194456446
-7.157191395032259 10.053810141005986 2.0413225063542013
-4.195516046744466 16.487727216159982 2.1713526271615704
-4.648534571572937 16.348978406450904 1.2173521638301579
-3.2485299558674994 16.26750913971364 2.97450272836547
-1.9229894737786104 16.65724783122569 3.2419925246625074
-3.3678464670475794 17.582504828355702 2.113578314535433
-2.5234580443188737 18.230679479192162 2.121741115266002
-1.64365682613108 18.75719398126133 2.077705434833843
-1.0870322969261663 17.928943914512324 2.6926072676166575
-8.402167885847527 -3.0390125947801545 3.7277711631329566
-6.355831735450844 11.969342544565523 1.4732123934711636
-6.424561767791731 11.569933006645293 2.533813867691697
-6.479209279512271 11.070768476183124 1.3095612322498789
-7.561924134278931 1.1364114407883847 5.108402719205563
-7.77547886780809 -0.47133086576462846 5.163401482099717
-8.6462836636822 -0.10053930922774376 4.022687917477289
-8.609088466062131 -1.5120211120645934 4.017347195200157
-9.09075339585079 -0.22248910346493267 3.221346459789938
-8.804655954623591 0.855305796743324 3.59278492481251
-1.7599444314888246 19.914543599608628 1.200412167313491
-2.6845756910065215 19.643113958434455 0.635436988488989
-3.349391969019613 -2.2858659231035054 6.24656749396088
-4.448244713165399 11.72707867832451 0.048279809519169464
-3.483020560112388 11.865644868093433 -0.26156642080971493
-2.61973499862696 12.407892763867906 -0.6086321347817915
-4.959911186304508 14.208220755351686 0.2577550323992319
-5.6918479080108355 14.097512734288207 1.3411181982208336
-4.872165821768057 15.171083893730499 0.44804531138548676
-5.681482216759217 13.628494109692255 2.3762251138150625
-2.0970841460127123 9.972379109066992 5.596286057152887
-2.9150578683836845 8.62911648356919 5.740327124534138
-7.663992404486928 -0.012744000195280554 -0.48234574707955546
-7.046265036192524 -1.2761365429958988 -0.39914279234321765
-6.694910634026332 -2.3054328927713814 -0.15843022444883806
-6.14738101227467 -3.1588598396579037 -0.07315983044582118
-6.475010862168703 -4.153938278322298 0.6201597062972637
-6.106673073665667 -5.108127091940919 0.9058937351961371
-6.7150987784898675 0.2322836236982598 -1.0042105024580321
-5.504034248038686 -0.6193181166863564 -1.3662404901274954
-5.358884743242563 -3.097434920192049 -0.5275070935167682
-5.284779136111758 -4.181910399938287 -0.09358993057326034
-4.727517396909782 -5.0016889285725075 -0.05574090214580944
-5.469068635778796 -2.1312850795293223 -0.9058509934133452
-4.355939020666859 -2.0324538513048087 -1.400529600722563
-4.148146889677215 -2.95539142824098 -1.1224102377001886
-4.2932412933720805 -3.987059264916854 -0.6743620058523743
-3.4204605089279143 -4.17191535967954 -0.9652167517052053
-4.137541627932578 -6.065018812850038 0.07667117618577315
-3.965658683943598 -6.880651737117196 0.5239973464900461
-3.149057914524607 -6.9239364828045655 0.16926016033656355
-1.604183794531262 -6.64488449133076 -0.2094017169224143
-1.9634316351537673 -5.719686381384054 -0.6861257173934527
-2.492811177078118 -4.79621149962158 -0.9632991534434279
-5.240336688581193 -6.003895204826909 0.8326710130708419
-6.080637780614967 -6.132940478341799 1.8332503116230936
-5.791638788501578 -6.804809339953518 3.253347935082487
-4.975336920122438 -6.957114063328899 1.54679086571672
-7.290914801707 -3.2796902291659515 0.7006484982201813
-1.5193581536864182 -7.492173649403731 0.4411746690287357
-1.5398126882985954 -8.4906578400541 1.3913336686604163
-2.9784634443679088 -8.763288939869279 2.161930257418607
-4.139058274058704 -8.058326646551702 2.1719288875955445
-3.836682523784124 -8.597122382112492 3.6393498607264294
-3.4329453836073327 -7.808539755884237 1.2147565186451608
-4.133226643062871 17.313315740492 0.8537900135570863
-4.812278336501966 1.6113070459024315 6.680857091865019
-9.313949990913313 -0.04496382185938182 1.628466125302954
3.9356852783181746 -1.4469341500032786 -1.725943570834092
3.137094281110988 -2.6385423886872394 -1.670234894982466
1.7813850497900834 -3.13641194351861 -1.6450912204638861
1.803680667338615 -1.9827368614473695 -1.9948830898305787
2.369970167656931 -4.196376628593245 -1.088938414963184
4.114853772559565 -2.9858090543195903 -1.326413319185063
4.222548537823627 -3.9478869726297887 -0.8949784905079687
5.229542752648477 -4.1142012915539565 -0.4845460561669769
6.11044681113472 -4.150127476948359 -0.09012606165037558
4.317357429956793 -4.809709423864783 -0.46357894903766483
4.896928297903503 -5.803124341193182 0.10499011227143185
5.588148318535122 -2.493804671644982 -0.668609505272696
4.537530217488893 -6.828076440377476 0.5971814999459858
2.6632462608869716 -5.1224660033167435 -0.5580745204205596
2.575822705453432 -6.104931055710012 -0.02265296302279146
2.6245954375105875 -7.053063505519748 0.5308865321051256
4.636824645373829 -7.7692017357425645 1.18275452860166
2.7769574119829006 -8.005767660276494 1.1442597435369044
1.8929424053359705 -8.603531113457418 1.549463742951082
2.855928767013143 -8.789618107018477 1.7327072226309017
3.412048594124907 -9.7355659657448 2.769860066220633
2.0140400014335 -9.979267266217088 3.055034115266313
2.957103158549686 -10.254240633905418 4.084967494790537
0.7165929774444777 -9.492950724630845 2.347407500312758
0.7144131898065529 -10.31836100804483 3.568845339388207
0.9333203434189126 -8.437295146215778 1.3442736279667338
-0.2210451644949441 -8.713474451336936 1.548271787290729
7.030882613103105 -3.950595675860455 0.490321556312204
7.50590016066726 -3.306482567148475 1.8828008651241968
7.932105055636362 -4.269856592631528 2.008584347052294
8.35423038974878 -5.2071467638710205 2.0683496803845887
0.6296801892845325 -7.295468809871352 0.47178285300317035
0.2539622730755009 -6.405502940007752 -0.13419595645345492
0.4329371040607517 -5.4421480820340875 -0.6487769344902873
0.04597549717798455 -4.4934571478947865 -1.15495995825008
-0.06267989703726579 -3.529807752487951 -1.5659054034383306
0.2704510456462053 -2.332407563497893 -1.9473598024290824
-0.9100109736498185 -2.670677456492816 -1.8293876764680812
-1.728487539229803 -1.7911777783842835 -1.9726738564066257
8.41408364314664 -6.2655054281730935 1.4065800314164416
7.669118494395928 -5.4060912777126555 0.7003179587010829
4.536200835955601 -8.640135975688386 1.8149305091673238
5.0968988784074405 -9.379657149660675 2.86330143431134
7.947549222352026 -7.270078524451119 2.004225352078467
-1.8917868918466358 -0.7317784890139332 -2.0657265561284506
5.4145497439045345 3.5745413809818847 2.668914889270084
-3.4722413367890352 18.514846636670555 1.1108076260264144
-2.6993846580217316 19.590490077333484 -0.9768404940693993
-2.4107713844205865 18.421709487193574 -1.662688642157163
-2.29632158637631 17.082224990203912 -1.6413144128146107
8.855209840162043 17.350641578715624 -1.0502003434326759
5.4746919576160815 -9.394803397078697 3.6664462517883667
6.593212321989603 -8.354576955871433 4.2037484158497
6.895103437464254 -8.358322551636507 2.6329031635298423
6.219745952050924 -7.932264440857317 1.5732238628013382
-2.515963731797883 -2.8294844314051986 -1.6027719481485228
-1.326723152580432 17.501277208688506 -2.121957378888937
-0.24069841581749768 17.31527246154564 -2.5204982166161627
-5.002892786807675 15.376656600474995 1.7834181889168053
-0.8799698205357385 16.018410168756095 3.7330857773258903
-4.077001448073918 13.2617066376232 -0.30032651635709395
-3.90792409647264 14.837895295179822 -0.5295043345646069
-2.794363427881761 13.872417273707711 -0.9766653309794684
-1.8373842020206532 13.952073789210573 -1.2950206797977635
-0.3811733159689185 13.630633526019146 -1.4488698511990008
-0.8292177656324604 12.703662760962569 -1.0329468894655578
-2.448817510714903 15.400251736082652 -1.3684882258679503
-2.7617098282642245 16.37839103470896 -1.2936195636223768
-3.3867824297742533 17.34936920571902 -0.8310915943216576
-3.443218624504481 18.440942558700613 -0.36109377329490633
-4.101446556057203 16.47804626553875 -0.06164584214621432
-4.825074377137782 -7.636841364501861 3.5193590637217746
3.7604813758595177 14.72325096327237 -2.1450171742748756
2.3543827254849066 14.704618817325018 -2.0789014655431695
3.61097128579162 16.049710797468727 -2.712131308889471
3.4191407013882262 16.975621727349832 -3.1698075591310215
3.394835040429816 17.975088172600323 -3.55907418560152
1.4911939545571276 13.846750845458837 -1.6769900314331205
1.632773887883308 23.897768850589685 -2.861817532333937
4.857976608285967 5.5201907618688315 2.584767794038217
-1.9325027522939502 -3.7500874390051586 -1.3920553970776106
3.9691479460709025 12.909594564913956 -1.4841988392063037
-3.098438147221358 6.836038360754048 6.118590774769189
-0.6116722062630886 15.579506515696202 -1.9894699515776126
-4.5496555321779155 -0.390116926221932 6.5362819298215085
3.7062270445493017 11.144601317551997 -1.0284626652429512
2.022734620812782 10.869584650623388 -0.8450862155820921
2.4205699506728995 10.002565682358632 -0.6589284947934847
2.1869140877215743 11.95660311166588 -1.1321931027780547
-4.593262119057598 8.073045941285315 -0.03929926336440319
-4.089264017670445 9.197537630333443 -0.05753476680765054
-3.50380450146659 6.930074610685245 -0.290228153738218
-3.584572970464203 10.391881969642634 -0.11303755965592001
-2.3787816337018417 10.441917471142853 -0.29101692323344375
-1.3791625989864729 -9.462268828651842 2.3892996906912902
-1.0759556302786086 -10.26261686021966 3.409347593287785
-2.7902096428098573 -9.552040833205826 3.2744839950978055
-1.756661276266437 -10.27809429958035 4.663673040839229
-0.8152324639667781 -10.56743891547538 4.87340601088355
-2.8013650644467223 -9.486475381814792 4.551877567436023
-3.0637552382773268 -8.573095476075892 5.169838429704455
-4.021181382176818 -7.496978169171947 4.92720343757522
-3.144822874194745 -7.369799291030269 5.598677360043593
-3.26692229147861 -6.318980528694854 5.8341413017348955
-3.769572636873951 -5.385589233009374 5.894049212736076
-4.1913090330386495 -6.51151404351321 5.336923847695214
-5.100553228741549 -6.370074635517543 4.925572424803032
-2.4197860070792716 -6.897575507049763 6.133523805286066
-2.1307201911559446 -8.300857415018573 6.072986368100459
-0.8082978044625375 -6.969361800959908 6.897249558537019
-1.8122759395071433 -9.192316326847692 5.994745978931723
-0.6158345444094402 -8.979868173654049 6.749303489555845
-0.46781990505060894 -9.993303969420824 6.238287422724246
-0.9719462251757971 -5.9829619883146545 6.84536324790054
-1.1159003792756375 -4.995380181581022 6.777863585396682
-1.0266575290950013 -3.7555421271508105 6.64341979727561
0.4436237729495612 -10.612908432524655 5.092793922367158
-6.154833088314216 -5.799523694817535 4.7303529490334
-6.628917171683106 -6.014451973610903 3.545674697808536
-5.9591463718458195 -4.65526161463458 5.532164595469265
-6.632485753364527 -3.762225942800501 5.602855054074803
-7.383677745282635 -2.390532606363315 5.417627110675527
-7.187018743279651 -4.891801448771579 4.575254084850378
-7.547424290839216 -5.0483829607329715 3.6638365079614004
-7.543491483144282 -3.94579913473137 4.764219844703787
0.49395338860946697 -2.8008489203295204 6.41551471968571
0.4536969379585014 -3.739063602169162 6.753937401073241
1.0740221083204495 -4.552906440490807 6.934383479038348
2.4320532733695623 -5.27900012712736 6.914741807345543
-2.2952812498131285 -3.156624063475704 6.345695737718851
0.8419780345600578 -5.727882183756651 7.177863138695082
-0.30073027034443495 -7.934586098949275 7.021437277838096
1.4729393734800698 18.284805289178088 -3.346504262821866
2.343092459305705 18.841972314845023 -3.708712763515295
-3.654028108041577 2.0922618770208876 -1.4015868831629739
-3.488044849365341 1.0845613372778213 -1.7099702328752275
-3.3502682770757435 0.07327308577124547 -1.9201542929699498
-2.177031283088597 1.8199466681855376 -1.3525492684801832
-1.325949315274599 2.43239181382176 -0.9192512308092521
-1.2803998574547586 3.361692305029821 -0.4383072520198553
-2.467112348731533 3.8477489483266156 -0.5579458183925916
-3.3575173003850423 4.322310789354462 -0.6525684836381591
-3.129311089871459 5.28086804294635 -0.4214081974633792
-3.3132134999217238 3.19013428951512 -0.9689502822076145
-1.1541207017865154 4.542876892406625 -0.11418552300248963
-1.2030790568278997 1.6142515416932077 -1.397402910206762
-1.3057906990745445 0.1263476639504527 -1.9730010348510927
-0.024449931089128796 -0.018778431148429586 -2.0149028394529953
1.1665905592345618 0.48372993415283694 -1.8663637262209838
1.3277321626920744 -0.7027870523479464 -2.0992493329557966
0.6648320096775362 1.7619661296341675 -1.267688901271877
0.18981914887863058 2.8061158597456544 -0.5786817287970552
1.6152004489331935 3.2859613699667847 -0.2941535267038567
0.015030127855420239 4.019152004240929 -0.0692676466568137
-9.020837497522642 -1.7980275764166544 2.404183554526291
-2.5881771804905314 8.392887520679768 -0.2948124819950019
-4.160579747076038 -1.0265996018555024 -1.762367571958086
-4.218073087341269 0.6731276643395554 6.662407677208342
1.1354039590045708 12.823106988842186 -1.2867896891989015
-2.033457086326973 11.48268158225207 -0.45799832039007804
-3.216790538553734 -1.1281513052024472 6.3096921418696805
-2.562719134917891 -0.0744650647787063 6.344834583368816
-0.5075351592134398 10.659868282380788 -0.49523149475187156
0.4755711108189588 11.903340643414118 -0.9131123831269976
1.0167068346341024 9.839803157700475 -0.49663314760896815
2.069619849583877 8.971004322016768 -0.37195890943599835
-0.25921331448029655 8.681839014766664 -0.33477957536709624
0.7942264307129838 7.812178509743559 -0.22134003706551242
-1.5298194185201186 7.51518171292393 -0.28626998185426666
-2.333383371370026 6.404270873003439 -0.2724019573597262
-0.012582983607149822 6.706576866846714 -0.13824913043789838
-1.2812191725713915 5.5366970133415885 -0.1317561192632151
1.0380007909812483 5.841588397148682 0.03610578719292645
2.091401264885984 4.971992135380403 0.1503829480647085
2.307950303358487 7.009319806489753 0.0016007251421145813
3.1149461745813087 8.114616427607148 -0.08546714572188645
-4.475918015346887 -4.474123244549012 5.950445143013882
-4.611856028250176 -3.4658426620938587 6.121414323850086
-0.49502928411586294 14.602790454759127 -1.7488915588539062
0.7475434762247078 15.384871336049223 -2.2036813478291277
1.7418413516416176 15.828297572713284 -2.5530607095670046
1.1610370444553968 16.74455457377723 -2.8204417801222044
-1.3170861390767015 9.558751521450725 -0.353665369671337
1.3859255369500818 1.7358658229865873 4.893291325666655
2.498401395066917 1.7073803689897966 4.507315346986881
-1.021120930724174 -1.9957810435566241 6.221377815658976
2.040855057004867 0.30539769390174815 4.943881255072897
0.6719663697045934 -0.3426372743592212 5.565030045098555
-0.6735267270119285 -0.9587298259085192 6.005986614668236
1.3142935068624373 -1.7332649812493435 5.851491371502537
-2.6319045217585058 -4.211622447903519 6.327086466494794
-0.45400516485938397 1.0737351426176787 5.793803036274648
0.37726884979612973 1.6490394331626397 5.374588616864885
4.185751801425767 -6.119827151403418 6.534537567835285
-4.0111280035834715 2.726166286958979 6.718469489972624
-3.6665906097294174 3.7682180895623643 6.5682773956291065
-2.889799625363657 5.119401844059497 6.443335876508744
4.208026622837821 19.070249331723943 -3.7782912096867296
2.689369884105129 19.881177629452495 -3.8960182108116017
5.019204069111681 20.168705383012117 -3.9545484545562926
3.973267521523635 21.026091530518123 -4.22802469895132
0.16843913717668038 15.156979446204609 3.953827655223553
-1.907475549119193 20.71005477407654 0.14392785125885832
-2.157047188523769 14.862339101138677 3.919621825827752
6.28701835199349 -5.617830691092328 0.23646224704303598
6.95707934353478 -6.523016932952621 0.6842008673780935
209 205 207
297 265 623
265 263 623
502 275 616
616 275 615
180 181 182
156 229 162
156 162 140
271 277 272
271 272 273
500 404 405
497 508 578
316 318 313
318 419 313
398 399 394
394 399 400
396 475 397
386 385 395
458 567 456
457 458 456
384 318 322
413 514 516
514 515 516
32 31 122
526 525 524
226 224 225
411 451 446
451 445 446
556 464 576
541 367 369
520 519 530
528 520 530
38 13 37
394 400 406
214 192 213
255 249 615
249 616 615
270 277 271
277 270 268
119 30 110
504 577 287
535 610 534
334 389 407
334 407 538
6 3 11
10 6 11
443 445 438
201 200 471
471 200 462
404 453 452
392 398 393
398 394 393
267 268 266
268 269 266
317 351 312
46 495 496
250 251 612
247 250 612
384 385 319
289 298 288
403 452 411
530 518 532
531 530 532
533 534 527
259 257 256
243 502 616
288 272 289
366 286 302
518 536 532
414 413 415
521 491 415
491 414 415
412 416 411
565 558 571
189 613 190
142 143 499
143 87 499
525 523 524
581 605 608
576 464 458
576 458 475
529 551 207
296 265 478
265 297 478
391 576 396
607 609 225
588 575 602
382 238 237
613 205 204
98 135 99
591 588 590
132 130 131
566 464 556
366 367 292
330 562 561
535 534 546
286 285 302
399 405 400
341 342 340
342 341 353
566 567 464
523 522 527
213 192 191
359 358 357
357 358 356
556 329 555
95 93 165
578 484 497
281 353 291
291 353 309
184 177 467
622 184 467
309 305 304
475 396 576
622 373 372
373 622 467
322 316 321
321 316 315
400 404 402
255 251 250
310 299 307
299 310 351
340 509 339
339 509 338
264 265 296
265 264 263
139 140 141
140 162 141
452 451 411
246 250 247
514 446 443
522 520 528
373 360 372
360 373 359
87 64 86
86 64 63
36 19 24
201 471 472
422 454 455
580 605 581
181 180 179
467 177 468
4 5 619
5 47 619
21 23 20
20 23 210
522 528 527
35 26 28
7 8 45
8 39 45
77 68 65
78 77 65
173 174 177
134 372 115
464 567 458
168 210 183
168 183 498
242 502 243
502 242 239
514 412 446
252 162 233
68 149 69
149 68 73
483 377 482
40 45 39
17 15 2
380 378 379
378 346 379
553 617 496
110 109 116
316 313 315
170 181 179
526 539 537
595 60 61
20 210 25
528 531 551
456 567 569
557 555 554
445 435 438
177 476 468
212 603 604
230 99 135
14 13 38
55 58 57
58 55 220
248 250 246
31 32 29
31 29 30
342 344 512
324 323 321
402 401 400
466 417 358
359 466 358
237 258 382
495 601 552
496 495 552
544 543 542
567 565 570
323 324 327
541 293 367
293 292 367
593 221 63
572 571 573
175 477 174
483 486 598
598 486 503
426 424 425
425 424 421
293 294 504
311 348 314
311 314 312
465 77 78
465 78 87
513 579 582
602 513 582
522 523 525
521 522 525
183 1 182
396 395 391
172 178 173
172 173 184
178 176 175
176 178 179
357 623 479
1 0 182
592 573 591
6 9 5
146 604 224
331 385 386
331 386 410
143 211 144
565 566 557
143 465 87
402 404 403
274 273 282
139 156 140
105 132 104
289 272 290
249 243 616
497 501 508
275 278 615
557 554 563
16 15 17
15 16 12
497 493 501
384 319 318
13 11 12
11 3 12
390 329 391
499 87 86
88 499 86
404 454 453
416 413 414
172 184 185
565 567 566
484 578 485
485 578 583
88 86 62
520 521 415
133 123 124
62 221 61
568 567 570
247 612 603
399 398 397
598 497 484
497 598 599
161 55 54
49 161 54
152 154 153
193 195 194
45 40 42
30 29 111
108 30 111
101 102 94
94 102 93
492 44 52
44 492 494
224 223 146
457 456 455
404 452 403
84 85 160
519 517 530
515 518 517
517 518 530
319 385 320
25 24 20
24 19 20
475 457 500
331 320 385
545 608 605
608 545 609
328 323 327
597 294 540
475 458 457
538 543 334
543 538 542
485 583 582
515 514 443
47 7 46
324 325 327
617 553 618
610 535 549
277 268 291
268 281 291
329 576 391
576 329 556
183 182 181
289 303 298
424 426 433
406 407 389
409 401 416
414 409 416
392 395 397
398 392 397
395 396 397
400 401 406
362 541 369
354 355 478
236 258 235
557 556 555
223 224 222
298 303 307
606 224 604
190 613 195
232 233 229
315 313 314
336 347 337
308 336 337
313 317 312
397 475 399
339 336 308
339 308 341
427 428 624
17 1 21
21 1 23
24 26 35
541 544 540
214 213 215
215 213 219
563 561 560
224 606 225
167 498 169
169 498 170
248 243 249
552 175 176
566 556 557
158 157 222
456 422 455
230 156 99
156 155 99
588 586 590
0 1 2
367 366 368
113 360 361
454 404 500
462 440 461
246 247 212
609 226 225
7 9 8
558 563 560
559 558 560
605 535 545
297 356 354
457 455 500
255 253 251
399 475 500
405 399 500
580 504 295
374 580 295
400 405 404
542 539 540
374 605 580
574 320 331
332 574 331
371 349 317
455 454 500
432 430 624
408 407 409
413 516 415
444 443 441
443 444 515
525 526 521
522 521 520
387 393 388
446 412 411
526 491 521
461 439 437
444 208 536
536 208 203
549 374 610
597 295 294
411 416 402
461 437 436
59 152 153
65 67 64
402 416 401
198 197 196
407 408 538
411 402 403
219 216 218
432 434 430
188 228 189
613 196 195
438 441 443
610 523 534
550 529 207
539 597 540
534 533 550
547 534 550
172 185 171
391 395 385
395 392 387
550 533 529
387 392 393
536 518 444
123 33 122
406 401 409
413 416 412
514 413 412
299 298 307
322 390 384
555 329 328
554 555 328
387 386 395
390 391 385
384 390 385
307 337 310
599 493 497
347 324 348
347 348 310
318 316 322
212 604 211
335 330 325
336 335 325
310 348 311
310 311 351
318 319 419
319 320 419
105 109 106
407 406 409
539 596 597
476 469 468
418 287 577
620 617 618
574 419 320
408 537 538
331 410 332
410 333 332
418 285 286
387 410 386
267 279 281
387 388 410
524 596 526
526 596 539
530 531 528
580 581 504
333 410 388
389 333 388
287 418 286
610 524 523
527 534 523
389 394 406
491 409 414
409 491 408
393 394 389
388 393 389
519 516 517
517 516 515
333 389 334
528 529 527
253 254 611
253 611 251
368 370 369
370 574 369
362 544 541
515 444 518
610 596 524
526 537 408
491 526 408
511 589 562
529 533 527
538 537 542
519 520 415
539 542 537
72 71 149
150 72 149
551 209 207
519 415 516
287 293 504
581 608 254
581 254 253
528 551 529
532 536 203
597 596 610
295 597 374
531 209 551
203 209 531
532 203 531
443 446 445
255 581 253
578 508 583
508 506 583
350 351 317
70 71 568
570 70 568
371 313 370
313 371 317
444 441 208
603 606 604
205 613 548
208 202 203
535 605 549
294 541 540
546 534 547
257 262 258
262 382 258
274 282 283
337 347 310
235 258 237
361 357 479
361 479 130
100 103 163
19 21 20
612 251 611
363 381 346
381 379 346
328 329 323
304 291 309
127 622 134
622 127 185
512 513 575
197 198 201
332 333 343
333 334 343
305 341 308
61 221 594
366 292 286
563 554 327
351 311 312
562 589 591
227 226 609
231 230 135
295 504 294
545 535 546
374 597 610
374 549 605
211 604 146
293 287 292
587 586 584
314 313 312
326 325 330
255 577 581
294 293 541
29 32 34
257 261 262
261 257 260
581 577 504
354 417 355
355 417 490
510 340 342
418 577 255
614 418 255
418 614 285
611 607 612
607 611 254
302 301 349
301 350 349
260 257 259
53 41 92
156 154 155
98 99 101
342 512 510
341 340 339
368 369 367
565 557 558
36 24 35
346 345 363
419 370 313
254 608 607
608 609 607
543 343 334
343 543 544
300 351 350
351 300 299
544 542 540
287 286 292
368 371 370
589 588 591
256 240 241
574 370 419
574 362 369
177 174 476
332 343 362
574 332 362
362 343 544
336 338 335
349 371 366
366 371 368
378 380 481
510 509 340
277 290 272
250 248 249
252 212 141
141 212 142
338 336 339
284 301 302
260 259 263
290 303 289
290 291 304
300 282 299
306 308 337
288 298 282
239 238 383
268 270 269
350 301 300
273 288 282
186 187 159
153 139 89
423 421 422
304 303 290
588 589 575
575 589 511
27 166 28
255 615 614
233 244 252
619 617 620
273 272 288
285 284 302
277 291 290
353 341 309
341 305 309
498 183 181
562 591 564
562 564 560
296 381 264
304 306 303
303 306 307
508 501 505
621 241 138
138 241 240
249 255 250
282 298 299
108 107 110
30 108 110
352 271 276
283 278 274
278 283 284
269 383 382
269 382 262
243 248 244
243 244 242
584 582 583
39 8 470
269 270 383
352 270 271
300 283 282
283 301 284
301 283 300
383 502 239
238 382 383
613 189 548
441 439 440
512 375 376
263 264 260
204 205 209
161 220 55
383 270 352
615 278 614
266 262 261
284 614 278
614 284 285
502 383 352
127 171 185
511 335 338
279 267 266
352 276 502
502 276 275
170 178 171
171 178 172
276 271 273
229 156 230
276 274 275
275 274 278
365 342 353
269 262 266
349 350 317
281 364 353
364 365 353
355 380 478
478 380 379
490 481 380
355 490 380
381 296 379
366 302 349
390 323 329
507 57 585
162 252 141
256 257 240
447 448 449
33 22 38
164 133 9
133 470 9
170 179 178
62 86 63
274 276 273
259 623 263
373 466 359
600 599 601
623 356 297
494 492 493
174 477 476
488 489 468
489 467 468
115 372 113
372 360 113
623 357 356
29 34 35
483 484 485
356 358 354
91 121 165
358 417 354
264 381 280
280 261 260
264 280 260
478 379 296
297 354 478
1 17 2
304 305 306
279 266 280
364 279 280
261 280 266
575 510 512
575 513 602
268 267 281
326 330 561
281 279 364
364 280 381
561 562 560
487 490 488
344 363 345
167 166 168
363 365 364
363 364 381
166 27 25
321 315 348
178 175 173
185 184 622
13 14 11
554 328 327
507 584 506
559 560 564
305 308 306
620 618 180
435 437 438
344 365 363
323 322 321
486 487 469
365 344 342
490 417 488
553 552 176
579 485 582
129 112 113
557 563 558
558 559 571
345 375 344
390 322 323
565 571 570
494 493 600
495 494 600
559 564 573
487 488 469
107 112 106
376 480 377
325 326 327
307 306 337
348 324 321
579 377 485
480 482 377
562 330 335
593 573 592
327 326 563
326 561 563
571 559 573
375 480 376
348 315 314
562 335 511
235 237 234
171 169 170
512 344 375
325 324 347
336 325 347
184 173 177
481 487 486
575 509 510
509 511 338
509 575 511
513 376 579
481 486 482
233 242 244
180 182 0
180 0 620
76 74 73
573 564 591
92 41 125
41 470 125
233 162 229
132 105 106
588 602 586
97 136 98
136 135 98
139 153 154
139 154 156
469 488 468
586 602 582
480 481 482
483 482 486
256 623 259
210 23 183
417 466 489
488 417 489
485 377 483
513 512 376
241 623 256
377 579 376
373 489 466
489 373 467
490 487 481
437 435 432
436 437 432
375 345 480
345 346 480
480 346 378
481 480 378
173 175 174
180 618 176
618 553 176
25 27 26
180 176 179
36 35 34
496 552 553
601 477 552
125 470 124
470 133 124
599 600 493
119 116 120
116 117 120
59 88 60
88 59 153
6 164 9
37 34 38
164 22 133
164 6 10
87 78 64
22 33 133
33 123 133
498 181 170
33 32 122
9 470 8
37 36 34
5 9 7
600 601 495
508 505 506
210 168 25
568 569 567
161 102 220
598 503 599
477 601 599
503 477 599
94 96 101
93 90 91
15 3 2
137 163 132
136 138 135
477 175 552
216 191 193
191 216 213
119 110 116
477 503 476
503 486 469
503 469 476
52 501 492
46 494 495
128 169 126
169 171 126
3 15 12
60 88 61
88 62 61
103 100 95
98 96 97
111 28 114
77 76 73
77 73 68
484 483 598
51 102 161
49 51 161
44 45 42
43 44 42
501 493 492
10 22 164
145 148 465
148 77 465
96 100 97
96 98 101
85 148 147
148 145 147
61 594 595
434 452 453
150 74 75
421 424 422
571 572 570
507 506 505
78 65 64
227 188 222
52 48 501
146 147 145
50 51 49
79 74 76
74 79 80
568 71 72
94 93 95
168 498 167
93 91 165
470 41 39
50 43 42
43 50 48
85 79 148
79 85 84
431 427 425
427 426 425
120 117 121
90 50 53
90 53 92
124 120 121
40 53 42
53 50 42
5 4 6
2 620 0
43 48 52
103 118 104
23 1 183
420 72 150
124 123 122
120 124 122
163 137 100
38 34 33
44 494 45
494 46 45
32 33 34
47 5 7
74 80 75
111 134 108
420 425 421
46 7 45
28 166 128
56 55 57
423 422 456
109 107 106
434 453 433
545 228 227
459 219 463
219 459 450
110 107 109
619 620 2
66 69 70
66 68 69
2 3 4
2 4 619
47 617 619
14 10 11
225 606 607
57 507 56
46 496 617
21 16 17
28 111 29
18 13 12
16 18 12
19 16 21
16 19 18
14 38 22
10 14 22
3 6 4
26 24 25
37 18 36
126 111 114
48 50 49
28 128 114
31 119 122
91 90 92
218 217 472
13 18 37
111 126 134
119 31 30
126 171 127
100 137 97
128 167 169
359 361 360
36 18 19
205 548 550
203 202 209
129 113 361
115 108 134
166 25 168
35 28 29
113 112 115
235 231 236
231 138 236
81 84 160
128 166 167
114 128 126
26 27 28
112 107 115
115 107 108
134 622 372
126 127 134
546 547 228
163 104 132
47 46 617
546 228 545
357 361 359
112 129 106
137 621 138
136 137 138
95 118 103
118 95 165
103 104 163
257 236 240
145 144 146
623 241 479
479 241 621
207 205 550
91 92 125
102 51 93
48 49 501
236 257 258
138 240 236
217 193 194
193 217 216
121 118 165
157 147 223
157 223 222
137 136 97
89 141 499
141 142 499
62 63 221
361 130 129
132 106 130
130 106 129
479 131 130
131 137 132
137 131 621
479 621 131
593 572 573
138 231 135
95 100 96
96 94 95
104 117 105
117 104 118
44 43 52
119 120 122
192 190 191
121 117 118
41 40 39
212 247 603
144 465 143
116 109 117
117 109 105
55 56 54
505 54 56
53 40 41
90 93 51
50 90 51
121 125 124
125 121 91
82 81 83
69 149 70
454 424 453
101 99 155
218 472 473
143 142 211
212 211 142
188 186 222
186 159 158
211 146 144
228 547 548
234 237 232
204 206 196
189 187 188
429 430 434
474 432 625
432 624 625
246 212 245
158 85 157
85 147 157
438 437 439
81 448 83
192 189 190
223 147 146
101 155 220
152 220 155
155 154 152
252 245 212
245 244 248
252 244 245
198 206 199
246 245 248
144 145 465
237 238 232
586 582 584
200 201 199
239 232 238
232 239 233
229 230 232
232 230 234
233 239 242
603 612 606
612 607 606
65 66 67
139 141 89
220 102 101
227 228 188
429 427 430
430 427 624
224 226 222
226 227 222
77 148 76
197 195 196
231 235 230
230 235 234
67 572 593
451 435 445
66 572 67
451 452 434
451 434 435
547 550 548
206 198 196
454 422 424
431 428 427
548 189 228
545 227 609
187 189 192
440 439 461
506 584 583
442 440 200
440 462 200
199 442 200
434 433 429
462 473 471
471 473 472
462 474 473
191 190 193
193 190 195
214 187 192
613 204 196
472 194 197
206 204 209
202 206 209
199 206 202
450 215 219
433 453 424
187 186 188
222 186 158
194 195 197
194 472 217
463 219 218
201 472 197
201 198 199
208 442 202
442 199 202
208 441 442
507 585 584
428 447 624
89 499 88
441 440 442
151 431 425
218 216 217
474 463 473
463 218 473
462 461 474
67 593 63
85 158 160
215 160 214
160 215 448
215 450 449
160 158 159
431 83 428
431 82 83
159 187 214
159 214 160
64 67 63
213 216 219
420 151 425
569 423 456
448 81 160
59 58 220
152 59 220
73 150 149
572 70 570
590 586 587
88 153 89
448 215 449
594 592 587
58 59 60
474 436 432
80 84 81
587 584 585
75 80 82
75 82 431
148 79 76
590 592 591
57 58 60
80 79 84
595 594 585
585 57 595
592 590 587
57 60 595
594 587 585
594 221 592
80 81 82
438 439 441
461 436 474
593 592 221
435 434 432
429 433 426
447 460 624
572 66 70
71 70 149
74 150 73
423 72 420
421 423 420
423 569 72
56 507 505
569 568 72
68 66 65
428 83 447
54 505 501
49 54 501
427 429 426
83 448 447
151 150 75
151 420 150
431 151 75
463 474 625
449 460 447
460 450 459
449 450 460
460 625 624
459 625 460
459 463 625
