767 1530
5.817514128751224 24.884218360223677 -5.1785185564949465
6.555355664309838 25.80851462138174 -4.675266286273807
6.484224864674522 23.72734982646 -5.343622737998932
5.934513630872377 22.690497926929325 -4.882855573057297
4.954736942908817 22.29257892888866 -4.509751463820382
6.313616416999645 21.771613572547565 -4.50340534279783
5.908672996833708 20.535554047974806 -3.8485479637775755
6.063115061069677 19.238628951588197 -3.1855429171021217
4.379364198725975 18.913335561216677 -3.1120416824700494
5.509708324360214 18.40518300833819 -2.7198631719008795
6.414380213545325 18.273657597584354 -2.251729823901321
5.722013698436176 18.187757745902786 -1.1953368355136196
6.337827150930903 19.532071014010974 -1.1304916845166297
5.408010243984374 17.227838777352247 -1.4485325512321303
4.799688548913453 17.45570795385492 -2.3815120636117095
4.495520476533375 16.132212841218994 -1.6833734294376583
4.4576584468594636 16.670849224271386 -0.5453015526485835
4.345287129625131 15.249249241338267 -0.8319024684680999
4.167138664088873 14.220466668883802 -0.8345960367424813
3.2194869081744346 14.423916249445453 -1.351545259950691
3.171144711526177 13.324314119381876 -1.0083707985686359
2.090929714046365 14.94476768262627 -1.715185796873171
3.2700433990319517 16.246953059010572 0.21210269072996701
3.983980349082004 17.245197700938263 -0.27347723748461145
2.6011798391816012 17.287358620212608 0.45809497850580505
2.7178285421287374 18.3240686219495 0.29659414590289224
1.9129761265566312 18.532173519705125 0.6727904545541985
2.0755627451627325 19.38024126807398 0.5128291355554666
1.9999142984907767 20.41304557576082 0.4293074879146943
1.6796356323860009 17.34312792717695 0.9228788767243055
2.504309633031885 16.27743950973433 0.6257776356778366
0.49804133532561307 17.380411191539345 1.4969979603827848
2.666856025319084 21.491368551921525 0.09288460695503176
0.17572314228640434 16.383619577957155 1.778087452219745
1.4706638350925432 16.184310784177363 1.219144558282625
0.1942975107728675 15.380353116046582 1.9170281774437274
0.6809515467805896 14.310391119426344 1.8830785418664795
0.66437913504026 13.22594627230805 2.005659771109331
0.6803392148589735 12.229024040588392 2.1233263864566045
-0.8147635848390213 12.00919309566425 2.6808594301149835
2.1502713954625405 15.254810863131707 0.9958032938685775
3.4323410229383557 15.35562465615867 0.26176245613232263
3.571529571313582 14.176862688625635 0.286259792800748
-0.5035112849375725 14.358073349108091 2.3389325703852264
2.368004565321846 14.299849559849164 1.059590192585496
2.1843189333888726 13.182748917235902 1.3134271395188009
3.09892677180659 13.118504579720232 0.8599695393663243
0.5030584221775876 11.143035479437042 2.4798427219752956
2.679175579113857 22.43628168229271 -0.11343949115377883
1.0156539697126004 19.97155369795383 0.8135356825034561
-0.07805355924792057 20.58311704524131 0.9253092875612243
2.0223218337819926 12.100626674487817 1.6653666804158327
0.029889476650890784 19.50875686778957 1.2487408604755283
0.12296184051265142 18.43626217703268 1.454159592234483
-0.9561201878981382 19.052005551394203 1.6250094597022078
-2.31670327840671 19.557932826570763 1.61216546956816
-1.9403742204874967 18.625017929177282 1.9071816390486727
-1.5810997421217976 17.55322816209835 2.0547108490680195
-1.6736250405666777 16.533644489497725 2.2672353650888972
-1.7944566845261651 15.49266551135794 2.4930535450326228
-1.9011678566777215 14.465197356590249 2.69018573409701
-1.9651597630939641 13.48494054850233 2.83546440596422
-2.1147321670791595 12.422473990777798 2.988770523037456
-2.7040651315458106 11.260944166392274 3.3948373890581687
-3.0307988499963336 17.17992379783064 2.3561201263695954
-3.9222947307886895 17.66009317479488 2.3677755472558
-4.017617425072459 16.736894965709872 2.581907129050078
-4.124366973520437 15.71272821567213 2.7531751975984116
-4.23962842293061 14.664546516137015 2.967585366752169
-4.337754684371408 13.654812487762108 3.1707811658116873
-3.9784825226541174 12.583222015422946 3.3167490455521254
-3.997193640044092 11.596760115807669 3.549787817945119
-5.4308026419943545 12.188138892540877 3.5985719672428678
-6.548492072601814 11.92444588120339 3.614235138382317
-6.521988377669632 10.763250186894124 3.854390423651176
-6.774816973978316 12.885330268630064 3.3309338927680754
-6.814470019289511 14.027486172533978 3.03768584117526
-6.18443494493491 14.875878822837704 2.922205704962939
-6.454771484275833 15.97530742657771 2.6802107427788653
-5.415708612711471 16.88140775527804 2.6402462016632167
-6.8381788643775225 17.4084416107115 2.330348648261991
-5.3158059910634465 17.85000103790908 2.4084887779290973
-7.456352121343621 11.262905946378227 3.4727887656255687
-4.657592249727966 10.54694818376094 3.9616371801601415
-5.03315680916966 9.546169608540039 4.24623143630069
-5.337074712872863 8.542739786825074 4.355315803667077
-3.3384615858038207 18.769201895086496 1.968096807426949
-4.715399930268414 19.141839988139232 1.8145829433653464
-6.046811140798986 19.110562587391712 1.7026916464741175
3.491416898837191 15.353815524149601 -1.7216094699478968
3.4567709181884085 16.77834423395659 -2.282601944602874
-7.885961225996392 17.28010595665034 1.6187645469035679
-7.887143184218872 16.24027345946599 1.82291739499076
-8.060473353711313 15.237180639282084 1.8705284081728553
-7.883143823269212 14.140524037066138 2.3833441810293094
-7.616865190748431 18.22627254135797 1.4548233839897908
-8.249720324897773 13.048497198287658 2.48932492350285
-8.373440405322638 12.11933107161923 2.7489649778717027
-8.896311165962112 12.364735669810884 1.2697319738447188
-8.571295432310157 11.130221011018739 2.7229125941101406
2.1223316130701453 12.937949248828048 -1.059262032931545
1.1498697244183342 12.309536096513146 -1.0354174286697024
0.15554583180946874 12.18932497929301 -1.1252457618271179
-1.1619434451573145 11.831692030817267 -1.16239802022536
-0.7229635559619467 12.821874657697041 -1.3307374578550815
-0.15011488096396436 13.791957771826311 -1.475130104448715
-0.9363115923691656 10.760545849097428 -0.8863924686772149
-0.7609004161221555 9.42821901213213 -0.6656295113685092
-0.23886951638198978 14.805401784607932 -1.743474507660156
0.06303960638639783 15.86993706083561 -2.049919576261491
0.17172183341370081 16.937830218198386 -2.4022141452150274
-0.19001494703586236 18.011455596853622 -2.7256623505236526
-0.07821235055651016 19.106144541501045 -3.060769367927342
-0.442903330240955 20.138678976953265 -3.2894129076199388
-0.33614907784868825 21.16244105990821 -3.457510701980603
-0.012423244232807634 22.308106752287117 -3.5692219262227036
3.0065591256234128 12.326434184853058 -0.6239656338429163
2.7406827258365203 11.323709841380538 -0.4852342917533843
2.7165704216286444 10.415862266744401 -0.3799520412214361
3.964965564905412 10.759129370580117 0.24852374174893432
0.7087652605029938 21.565156176133925 0.4461841584138899
-0.6363915688801516 22.259119502412716 0.12574401656371492
-1.9117276275751902 21.817761524849594 0.1315958828124364
0.7994587826487376 22.46528344378754 0.08869931810141274
0.33956377751894384 23.607937066086414 -0.6668937825989084
0.49550864520757587 24.256353215344404 -1.4792912649448473
-0.4225584566201594 23.9285155537699 -1.5197756413879158
1.2482577058654065 13.623237002212 -1.3438171457055272
1.971385655053129 11.085739639529354 2.0373028220043103
3.4295144454134205 11.035725424847286 1.5641071480203137
3.6369596115451794 12.035713366559033 0.5995408744814377
-2.7936453366912315 10.36929087410121 3.7661306873515956
-1.6495612092612422 10.630805188123501 3.349623261411539
2.139132678574034 23.621449462834278 -0.5445840152517998
-8.8907050999012 10.21099528156622 2.2523042439261856
3.538639928947643 17.590669996566135 -2.603757508556133
-8.789209729600248 9.15495249800152 2.4960773944952956
-8.958803895487792 8.228802767931693 1.9520589424943577
-8.869206649324964 7.18556989097443 2.1054923749838625
-8.888430438882859 7.388560419813624 0.5295855973762473
-8.868321813974992 6.3678982416287395 0.5652118584795796
-9.073483333216856 5.352133045636246 0.7544764097978465
-8.385097327578352 5.425244225942984 -0.4058959490573702
-9.09505005100181 4.4002359897181345 0.28622593042978917
-8.916571317293222 5.575495804728779 2.050002102408515
-9.245105546596198 4.2136447485262325 1.8778104776170848
-8.866084742942002 4.083519657029754 2.575406828961729
-9.342875181207695 2.686701864851904 2.217014235058331
-9.569260323765283 3.3980007969734842 0.598732621122462
-8.867666358650698 3.455221291255853 -0.44825049135924183
-9.40295864738734 2.4491744300812717 -0.05376967910107755
-9.558077412186552 1.422274942076166 0.18017104589142718
-9.502109254121565 0.5133527760728249 0.40014254810616423
-8.849278415186067 -0.7923446093853992 -0.03146561916518231
-9.518225282589984 -0.5487762633029052 1.3550171039893932
-8.939396636332862 -1.8676042805923032 0.7499470366635788
-8.959404376083976 -2.442092809069126 1.7425887717576591
-8.576237323414313 -3.0498791106436967 2.6095473788703325
-8.022291951644998 -3.2300755375312136 3.5325376845081156
-8.908862958400071 -2.129034771987019 2.811665170190811
-8.747735808149637 -1.0973799833488118 3.3469787210617277
-8.146036392392304 -2.2476743325536432 3.9036363602275976
-8.154271807777315 -2.9699568155433043 0.6020335830539529
-7.364645117824449 -1.4246870401503515 4.735300634576284
-8.068992846923901 -1.8716381830101252 -0.17271667167863525
-7.196885741314224 -2.9290514175541573 -0.27116995669361443
-5.802420181509069 -2.889669105318301 -1.0119517351380185
-6.37473781870051 -4.035141387426553 -0.41439437974581994
-5.295114486655553 -3.543854492104809 -1.0782408020659746
-5.301993042962622 -5.093316881962498 -0.6587912376382222
-6.375631038249464 -4.975489573307765 -0.06869320199869122
-6.545676773102738 -1.8295807002463658 -1.0310425305799347
-6.244177066396882 -0.5894376688763552 -1.5563074800727452
-6.4986752416843805 0.3551076343821722 -1.7317559130454878
-6.202516103048636 1.333987135254497 -1.988023072276792
-6.929217311676506 -0.486630569595931 4.959287362935741
-6.6260863499750675 0.4182813688475099 4.910142617840304
-6.551820496432813 1.5480785628869116 4.583894447952203
-5.614826513435756 1.675981936853456 5.001937049719394
-6.473439761326834 2.648926013831888 4.298446113057436
-5.777590534004373 3.6125455976410517 4.316783919338101
-7.378037938323108 2.746544884912855 3.840776749811547
-7.348051849455988 1.7005064897084639 4.067037911705665
-7.628120030158317 0.8477574332523617 4.09369741403252
-7.923641711313212 -0.2716328165472601 4.120588286423073
-4.686114587878589 1.219099821439768 5.573882030714082
-5.081642045193118 0.28390855422489025 5.803532859021613
-8.331893306383025 2.5051991080271954 3.285605457746888
-7.735365787574917 3.8465810047678177 3.4700182789258314
-7.420346235000322 5.026569783523795 3.538007220465463
-4.952759246949791 -1.361035520844557 6.156532144264362
-5.901070049294663 -1.141189256412659 5.698115133528105
-3.346026570854715 1.0756638717091436 6.000629317917992
-3.3936543666315315 -0.04580818299508027 6.440691515410492
-4.152044751508327 2.27291090448923 5.204480641234345
-3.6954758595904114 19.934098741640383 1.3123412793485056
-5.053976398715768 20.264847401156104 0.7035325342029832
-7.351861761302726 -4.0998748897258315 0.4476291820276206
-3.9985782633593483 -4.097219122672772 -1.3284936754684424
-4.765360129137068 -2.9581667099956284 -1.3587757640657345
-4.658717571872486 -1.924795809691949 -1.6021516991736104
-4.642530542717716 -0.927016227308288 -1.8701904767999635
-3.979494243660987 0.1017052359504158 -2.170477116979023
-4.338744030734639 1.1713708806948597 -2.301365363364968
-3.2073747509514003 -1.5323616290017945 -1.929935539676577
-1.841308591733876 -2.1633929231572084 -2.0088595573659123
-1.756287442433687 -1.1464866891012075 -2.228287606283357
-2.435587576223638 -3.1663803670812447 -1.7117261397324421
-2.0896874833807697 -4.384414825420271 -1.4160679238360285
-2.648643888606588 -5.252805372118067 -1.0707705855854495
1.4176703941683584 15.283992069138932 -1.8656616316191916
2.0447710552844707 16.813327752408036 -2.370886871515782
2.1403276750607807 17.754200493008312 -2.694408427405401
2.2513715763441433 18.850697636178012 -3.0924993613092853
1.8871988387636087 19.90210937560608 -3.4202149495560805
1.8141652336348666 21.031920275954448 -3.7552553574055194
1.6343383848597708 22.026930076555786 -3.9651422516507315
-2.664839079571855 9.328521090488021 4.178863478550272
-3.006523209745755 8.267515236048952 4.527347359048823
-8.610905728394176 0.45379868849760696 -0.7056375311867983
-8.762254695830526 1.4579121737656955 -0.7778424063665383
-7.536354466414912 1.5102299254946758 -1.51256446651838
-7.914731836232206 2.453242731221656 -1.3544506424356144
-7.706575347084722 0.3871036139942883 -1.2317209013428017
-7.640564430407474 3.4479010648958526 -1.4369790808117808
-7.806670641147099 -0.6576017695633047 -0.8636348994202221
-7.7704909872512005 4.442822340407071 -1.1770650226947474
-8.813708299720773 -0.05869232818072634 3.209057882725672
-9.54060821788527 0.5434271941942206 1.8836494442353264
-8.573905649646573 1.259648758306514 3.2679611132485764
-7.196740625917815 -2.457666597062421 4.741545276385011
-7.060551944783199 -3.4071623608257378 4.434137335263882
-5.849394273149164 -3.673441506934532 5.1761530958159065
-6.017074285098001 -2.597091009688025 5.487786329643807
-5.167425226696421 -3.3089853747218267 5.712634949040124
-6.340722432239205 -4.652636570558667 4.342150560677483
-6.22604127424022 -5.513987215200509 4.027852460441264
-5.698919271124303 -6.609279544429066 4.216643946714208
-5.721224937745982 -7.597523775827007 3.511918921260837
-6.493418525888258 -6.408419367831336 3.141362218934159
-6.7017794706719 -6.491355084148151 2.167481707237839
-6.654338975815622 -6.293926342062933 1.2475044208353756
-6.039800792787401 -6.093174321676292 0.3280605436285855
-5.762528418271256 -7.354226846399099 1.4810186915318018
-4.765925077662436 -7.722392408465266 1.0623670620475216
-4.685392255588713 -8.462422299245596 2.071458925914481
-4.247213989684162 -7.176231806404575 0.33026975528762104
-4.145856970187854 -6.099697954349403 -0.567839444036759
-6.945162127314558 -5.337964442434878 3.260173972859688
-7.354575086116364 -5.2532592627112535 2.4147414431755396
-7.297139324954222 -4.450196407562935 3.465004065010077
-5.27363159293755 -4.640317070006482 5.203061646256962
-5.251084072708292 -5.733994505804226 4.922443795849363
-4.16667278190112 -4.9708046936909716 5.964834937109426
-3.8551989739558725 -4.032719350815355 6.2942705574543165
-3.4625777659417127 -5.111059523486331 6.464753055742065
-2.5563746164715653 -5.5362319036543886 7.0233980924994075
-2.027280566669478 -4.349419077660632 7.22015449092584
-1.5968240378787522 -5.444152042630643 7.486969114210265
-2.3725984336119077 -3.2701926271394886 7.002392013703833
-4.023096760754131 -6.001744183600796 5.975817832723456
-3.86779949063575 -7.040613969476841 6.039014658226347
-2.795386434594933 -7.538151407421507 6.758546474750572
-3.924954806732399 -8.027249732826537 5.8736017110569785
-3.9076474326356743 -9.040232667724592 5.630454462433446
-1.811169004335991 -7.419717765957543 7.259422301331444
-3.2014169262009684 -10.211279585201087 5.565988973086193
-4.022420374998606 -9.901023091667106 4.597269418385564
-4.014817400217718 -9.667559884471974 3.3807775742502892
-3.1349305695653267 -10.59268349307085 4.47400117709441
-3.080243892077589 -9.879843315213485 3.0568379004030355
-4.952725293458987 -8.843962317100205 3.439769087411338
-2.7578832248342278 -9.23893032747255 6.4297838695706995
-1.5597117534976974 -9.423824858000797 6.858645703397161
-1.8023282279597692 -10.285603858819332 6.405219348828081
-4.790030856237121 -8.326651443951713 4.757110623550849
-1.6394317827748446 -11.237871367181235 5.37136168086874
-1.6102307966807725 -11.116173612476418 4.387209864421227
-1.7302916297344437 -10.550809353856218 3.5321544847262683
-1.3964818864874982 -9.916205671172218 2.6782895401868436
-1.118649424655541 -8.971456521223448 1.6505469838467501
-0.186061765179454 -9.067679404316515 1.6456807833604548
1.0541482455261437 -9.23397078382442 1.6931915754395117
-2.028960354901047 -8.63573617676819 1.4375924620271734
-3.29460432265446 -8.757249031685095 1.740250916593276
-3.2103973332621014 -7.83717313511978 0.8125626707601177
0.6571344463624695 -10.141756240660541 2.6336078453516496
0.5909187022858676 -10.88269924754759 3.4863465354522924
0.5460490851730573 -11.410348085892817 4.244805525963369
1.7077115643987064 9.735989347204827 -0.5235211107156675
0.7707315977570999 9.040864805340876 -0.5710732068600516
-0.5192775136651588 8.735789433888137 -0.583982098389879
2.113059935958496 8.318422506975287 -0.23661296331573345
-4.473400421210589 3.3349586589971945 4.702333667192082
-4.347404708827123 4.530390354654019 4.488385733451108
-1.0484589652528395 -8.220940585104568 0.9932144346142961
-0.08852563396470575 -8.031998701783795 0.7833404323098996
0.8452447331630555 -8.118530990866942 0.7882794080252651
1.780140543576672 -8.195550158701703 0.8004877616042287
3.1829921537081547 -8.306735009790204 0.8217220734823192
-0.9726279958174306 -7.421808035101867 0.36568314201713403
-2.219908899084134 -7.316484371258621 0.2809717825496274
0.01625969221114701 -6.939277118671641 -0.0022565216296434043
0.9508819938474871 -7.019092315943438 0.01160552156226713
1.8856619616596504 -7.097323116115325 0.024707828479675564
2.8203629166241515 -7.175728406351272 0.03381399185768896
3.7529320656206373 -7.2712163175086015 0.022530220910866317
4.680355502587961 -7.408533514869427 -0.03376255860556121
1.6888950279068877 -5.903161349564372 -0.6332004549606886
5.634453427148056 -7.255861691900682 -0.3735642055564258
6.750957121669411 -7.009516736348277 -0.822313257668011
5.548104130537711 -8.150347604306948 0.23155684831430867
4.57802076938973 -8.48036178461246 0.7663984632930967
5.721239457861931 -6.385942391745452 -0.7762197248025479
5.847286440528626 -5.150226902403918 -1.1650145402592835
6.8285256983459295 -4.753127260464871 -1.4355398507997736
5.937119076525525 -4.273042179340076 -1.4173818931741589
6.5264504572423405 -3.1186234556030286 -1.7733135842270011
6.554902695979579 -2.1421122306924025 -2.042017699585121
5.18406737666919 -2.4079569858209777 -2.0282002463171467
6.273511906971835 -0.9870843441150223 -2.3708747782715767
4.276418437846722 -2.0593320187359088 -2.1561605947043887
4.875089540166334 -0.8140811433134669 -2.5357374909494883
3.315723963136525 -2.2411207020281316 -2.0471950072871685
2.0340793375661854 -2.4827598338606665 -1.954735974094711
4.196102879519784 -2.860942033213354 -1.8079074050892718
2.202503409022552 -3.9264606787629717 -1.4095078030007802
2.118895543245929 -4.752150646495479 -1.1090080784315721
1.2340709093413909 -4.169253117750131 -1.3816376910532882
1.9720559679721283 -1.5404777826944285 -2.316298362976834
3.010832375805363 -0.6097337857652554 -2.549328237538851
4.079433441801076 -4.016704231553569 -1.3633954790218192
3.9832488426285098 -4.964768229277483 -1.0306260930699809
3.8647876247509645 -6.031239929080922 -0.633503311634148
7.871340187308039 -3.7901295636617967 -1.6292099891553455
8.422360227791497 -4.997448257294799 -1.453127387581784
9.815997077362367 -5.625694615933335 -0.8188293711852349
9.519772142755887 -6.733574635859889 -0.7806179526571507
9.466701919624839 -7.90510357589249 -0.09340638550994995
8.087630105474497 -7.501203286798912 -0.8466683918611339
-3.3699952016489396 -0.9868894413035074 6.642666833387601
-3.864391553581935 -2.4341151777960404 6.487950127195308
-8.062060144954069 -3.9623148500264884 2.019763575005186
3.9991245561153432 22.82711919439987 -4.515474294596002
3.19837652989735 23.754256809997415 -4.364661650623134
2.3143434273673544 23.986182442280644 -4.006622855139716
4.643342945321207 23.84447080623041 -4.880568512305364
3.4983122999496676 21.846949856288724 -4.142450418349455
3.860013545118394 20.772502616451803 -3.815547413127396
1.2610131989375233 24.11887529899628 -3.45154436735749
0.29141749041508713 23.975660684529487 -2.8330683139075585
1.605576494747783 24.652232694693815 -2.0604783150863835
2.424032229932515 24.81849667058298 -2.356765058906869
3.6398545052176234 25.590157542538535 -2.731365655568621
4.4143446867553475 25.76718043352217 -2.418425533835312
3.375553808091197 24.705034471139484 -1.2579973460704137
4.621295672741829 24.58673432615334 -1.183457636532306
3.9715495411244257 23.44089884567567 -0.6400653018718774
4.076913401336009 22.322167924610667 -0.40993301273285404
4.4359721149580285 21.268939790928826 -0.407820788035742
3.5743101536416844 20.209744289056765 -0.06696376304804252
5.133941564758286 22.600383033138684 -0.7771822095881675
4.162941278327936 19.255902414006243 -0.2914010473096206
4.162929999796285 18.24845226489652 -0.3422594571214374
5.327806140621961 25.400653419771672 -1.779326087273169
6.278702445958714 25.5145331390096 -2.0569381641379962
3.708683845051552 19.27723100724343 -3.2661477652479185
5.26072209843366 20.19671478457834 -0.6537125782253695
-0.47664879612208316 10.066309311952933 3.2372245788325236
0.8782426988921119 9.513128524961969 3.2072562480771944
2.081628055349085 8.992088881882138 3.3240821161294605
-0.10449164391691645 9.080111661819203 3.6325951913244667
-0.20185683067216142 8.106281562555317 4.069273295819994
-1.0909295619829649 8.611899758502307 4.061491942668994
1.1156105602016348 7.875715195209815 3.981363034443457
-0.31726422868652354 6.969278369062587 4.464772042711671
0.053425308936561916 5.985079208484027 4.748899418622973
-0.06424247335391137 4.83058136035155 5.11841018931487
-0.36902350358862085 3.7944393458474357 5.3989570827256275
-0.2773105926958979 2.7451720747572232 5.751408315572786
-1.6259575230266827 3.425997585251891 5.292818826877258
-2.573788542810886 2.7593067945079004 5.344074229177802
-1.0119721934533046 1.7230237031658169 6.035038565289916
-0.9563551710244509 0.7032936799684855 6.44020415250966
-1.1586513815044954 -0.27359905078135816 6.75838407980635
-1.1695185187454682 -1.3739233763003726 7.009022081578452
-1.2973914837742686 -2.5989919673283772 7.201756495756106
-1.9564674192855167 20.815014742556684 0.9114939029669546
-0.8356396019071448 -6.004533273629406 -0.5817480102171939
0.4469472166561915 -5.747201384330045 -0.7227239957402677
-2.2748913092812355 -6.243953331079147 -0.534843722816907
-7.457255345878473 5.429749880449092 -1.232258783260796
-7.855220550669915 8.947901666744784 3.3239625891792812
-6.531775274920555 9.057788643742661 3.984865097146204
-6.41718590332376 7.690588277621192 4.007090900357031
-6.907657506572487 6.421961818944081 3.7719134157097995
-7.943274084376159 7.960062812465735 3.1943287871194013
-8.037060434022235 6.972156259210032 3.0701134663272343
-7.732612096744472 9.934938974455138 3.4304245242072877
-8.164604147497815 5.984438264957797 2.9731984556209414
5.3564269194859415 25.970379949273713 -3.9103809657875126
4.461009866175039 25.72553300141388 -4.062309723893879
3.724569997622131 24.887345353641585 -4.32428816139919
8.413364478392248 -8.653598235256776 -0.06335612338598695
-2.5018765806690038 4.110291008659539 4.8931801801474535
-2.760596446644107 5.171284341937544 4.689281220987641
-1.797304053273437 6.064988241236682 4.7056903783616315
-2.6472874771038932 7.199058654500269 4.648763468946013
-4.815369777122132 -6.826234018850117 5.165216873887546
5.446195558697979 -9.22560161866799 1.0841233176426819
6.826295596951624 -9.51824507487643 0.8817091889493829
4.475088343398503 -9.565232777173039 1.61915227718676
-2.0379073990307415 9.233695801349997 -0.5991346352221455
-3.204332991576794 8.753494540769049 -0.6448826222058506
-2.0890510505220394 7.753968250769239 -0.6975901365027252
-1.663923915602357 6.725240089433679 -0.9046003518814362
-1.6051233173989068 5.8048050379236145 -1.2099250502004277
-0.5921338740264759 5.17961078726484 -1.0815527276802417
0.5958801562674619 4.449096482732077 -1.131770833416825
0.8594123778123561 5.457378902312503 -0.5857572087235785
0.177823944385828 3.6343411991898713 -1.6114200601526103
-0.4318112742103715 6.615908338030577 -0.6191674750028346
-3.3733763826022765 9.991278751796946 -0.7279250658274756
-2.8006392481906293 10.97095738851785 -0.9474916983530193
-2.3930151062327485 11.883448333741166 -1.218980339845738
-2.58738096351141 13.04000728557463 -1.4523258364558291
-2.0145011992095485 14.007415874425437 -1.5757655100625563
-2.0736727739976457 14.953460398602903 -1.775183543010763
-3.357334936863473 14.700505539281574 -1.7362955140898388
-4.704230532014739 15.346115777806434 -1.8301888459243698
-4.791591269741318 14.512448775268295 -1.7216891043443194
-4.917858859330073 13.30889960685204 -1.5747489492845208
-5.0246433782775135 12.28774127042109 -1.4270496275131082
-4.597439868208911 16.366745489371716 -1.9737467738492482
-4.32231039122918 17.50284834837776 -2.19304126601706
-4.457727331342278 18.415799660071443 -2.2590302126611164
-4.656501456754636 11.288463955132983 -1.204991265632647
-4.77190571998566 10.173484330230156 -0.9648817577562221
-3.6795265541383224 11.605405921574986 -1.1914087112808915
-2.2672753631115956 16.124813289477032 -2.06253673109503
-2.1590474513157765 17.182365047552352 -2.37183493155717
-2.520172831876166 18.25281827467746 -2.632410599380455
-2.413451807345679 19.279438857025795 -2.8229026709816814
-2.1659892901175946 20.178384760643887 -2.912943066412818
-2.1549191218295367 21.26584920022796 -2.7180947560168183
-1.639974353181384 22.260824740433748 -2.6909828758700334
-0.73787492350662 23.372001013831735 -2.6980943378739957
-1.4812878057346277 23.01336199525182 -1.3098937158360715
-2.506628614744404 22.058679785793537 -1.2828032787773322
7.487418997875768 25.272847179692285 -2.3835980762233575
6.942020683760664 26.03905010638031 -3.4665563751911
-0.10530972461394222 -3.41806344830054 -1.7241249876332123
0.3054428636920947 -2.391521499429435 -2.055001503472289
0.10773090991714457 -1.3302897218100322 -2.375646799804942
0.6805798262939954 -0.36022737282518613 -2.51987676649658
0.9281389370708661 10.539563838231317 -0.742481233280683
6.047010945919098 23.220200499740514 -1.1803541050644095
6.2765146078002205 24.328270923440733 -1.4370871768315074
7.054202190936159 23.48830020767648 -1.629012019362848
7.909996464585064 23.12524924092073 -2.023802744113901
7.714532626981933 21.946153297764724 -1.8290063439328554
7.79792904044543 21.084746890763768 -1.8291698710846898
8.042965384751538 24.40773750649749 -2.2849671861225467
8.91030309976352 23.187634291553444 -2.5432754586942785
6.87178545731449 22.145865425513044 -1.409715038139669
6.765002975369206 21.12453185152183 -1.2606428567075127
5.926203414575692 21.50291314473646 -0.9261181734361099
7.6578175609132835 19.806481754528335 -1.9766041633450993
8.450916464648017 20.290878488257476 -2.9423725665356915
7.310896075275681 19.323598066857762 -2.7491129272259163
8.78231344443058 21.08875691576199 -2.699849402530856
8.745564467466679 24.11887870466935 -2.5768753242949023
7.592713346868887 20.403500932411283 -3.791811009079942
8.567636239855489 20.709152960623953 -3.83426297266363
10.020374957448965 24.191191630119732 -3.3254370487545057
10.159311991781566 23.04413988693063 -3.3051905131569153
9.17963739911166 22.07066380840657 -2.7873486633200377
11.031907975139799 24.282459542097996 -4.164539049967349
9.496028092629478 21.22462227443753 -3.7698438253435596
8.16780131298536 21.48496520531372 -4.574920506341094
9.06473435514875 25.189536744592786 -3.257968235462187
10.111972574508576 25.225377390026892 -4.130775111147713
9.749900724134909 25.37565197423212 -5.127727777535609
10.991664866620233 24.394396623024527 -5.322210244761161
9.875902384169033 24.383875512893603 -5.619214891882968
-4.519869411544952 8.119562543030883 -0.9753962144574544
-4.161298833698564 7.108327355744135 -1.3022683813240206
-4.297943933917174 5.909511942050847 -1.8755358029255271
1.8891113650764542 10.23843898772533 2.578735671356199
2.8112713447036275 10.05609076777123 2.492262020446904
4.02385885931201 9.759224290165655 2.355811702909982
4.6978376924720235 9.954661415050776 1.183250951495411
-7.256918818595306 -5.079480231416047 1.091975601562991
10.981217250950335 23.057967015327534 -4.11435775894731
10.649307855105182 23.31779481665756 -5.360689898188177
9.35870635520452 23.041448223962867 -5.401375962647616
10.23007467869759 22.0666652674075 -4.372281728070405
-7.58582197325281 6.422833564307838 -0.9590897018787115
-7.812084966152152 7.967782519289191 -0.6986116049333935
-6.6110883335662765 7.696063625920548 -1.1728830073939576
10.09623649889991 -4.329536420488386 -0.6203932284637117
10.58147721667009 -5.103516835268716 0.6250144682775391
10.400414465429503 -5.954924081364726 1.26547083083427
9.891329733215823 -5.706526660643693 2.4021711136841803
9.398271834112485 -7.0186655621978025 2.510526256184107
9.506035082686598 -8.070036189371182 1.7488757193479478
9.086783560267286 -8.926339719506947 1.833243535013116
8.411188248948475 -8.984656382902099 2.866660388795993
8.179195624122134 -9.810727222406125 2.284203029237977
8.603301842705555 -8.017424980643503 3.069227855294468
9.271814197195894 -8.853878688266807 0.9193658347980336
7.393962278002297 -9.782412036003858 3.63581456191201
6.6019015836018315 -11.010017263894312 3.3820493172056514
6.67865407999615 -10.989906925174099 2.518521797090745
5.317187119987971 -10.577880903385513 2.1004588774384993
6.581616090835032 -10.46338296410978 1.7669547166709694
4.368773980709757 -10.673914460409938 2.416318793622367
4.155328342020053 -11.612450713786272 3.4222516864430848
4.762077621630925 -11.79003400948643 4.309449029154366
4.332175229883743 -11.41586365204941 5.236161456533812
3.1901371644508285 -11.804088565570584 5.370755965068622
5.094307726381994 -10.945954527570764 5.172222422172529
5.038297459578266 -9.977949083979738 5.5802529392796645
5.418796513798402 -8.997798256454791 5.52087243301082
5.237546480563947 -8.002869719307256 5.8244846929608665
5.562359277311937 -7.011391083557444 5.723721330802577
6.708549942530572 -6.831571207428658 4.9334463249136835
4.604949981519036 -8.984332518545607 6.109078954981981
3.7949601887411433 -8.96351275875812 6.636311137238543
3.914094945949767 -7.980475810429237 6.777114096376771
3.984816454974289 -6.399748576492776 6.913156584467365
2.956661392080453 -6.944093902537266 7.417283526933534
4.819211813561641 -7.00161497559892 6.280596428932029
6.540213110332351 -8.683991854218922 4.75442966118764
5.372806386797347 -6.007889559437006 5.967163966644208
5.100735175722665 -4.854147332612559 6.174682878292096
5.01054520025445 -3.9673379479279065 6.176527377213373
5.246691353612604 -2.946356838847741 5.919932678083435
4.330860830886896 -2.8905826437932047 6.398577356346942
3.383815668219025 -2.860854227207819 6.837404640343404
3.695535983140888 -1.843904011624121 6.41796755093513
6.139559398286214 -3.2568165259574666 5.4567145251679285
5.447315641627698 -1.8019261380131222 5.62577065136411
6.284762153612581 -1.9549113867145982 5.211350763914073
5.925761410658169 -0.906670306346343 5.248308498362694
6.249800537980173 0.08808091487670244 4.96779072779966
7.123196253145013 -0.9584022564952883 4.633246086497607
7.4296365797579815 0.056048663404909216 4.36794703094712
7.2632021819404065 -1.9074644016346727 4.646214258904291
7.109367885249749 -3.014726813553791 4.8682388852202685
6.758741773280529 -4.026606080772727 5.151035432589251
6.516297748098822 -5.030224958563892 5.276806702853555
7.570081824522459 1.125710519739518 4.082230571738265
6.604878954580616 1.1289310638398369 4.6086886135077165
5.704804650926186 1.2030111184293284 5.034576268340552
3.1780302128656674 -3.9836455835869833 7.167025588778494
4.208652443587874 -3.9405456957628022 6.650007186378031
3.8763513738206563 -4.956367727154375 6.948108738385164
3.170540810819942 -4.9284784198364635 7.331069414443348
2.398939584211847 -3.3168563961520867 7.283398672112677
1.0477536283195124 -2.731936339358834 7.334354205593328
0.9476558044197119 -3.707969597720381 7.605757011873344
1.3069575159146851 -4.782102154233935 7.771640284250154
1.4244699693439942 -5.993486405885461 7.908388547345885
2.611568695845811 -1.22886586885986 6.603111371950692
1.2767224100438221 -0.5773575974532033 6.693050835004154
1.8398379897678885 0.41334025340325875 6.330795021440843
2.573516932935328 1.4341056130193124 6.071513094416188
2.3488552878666407 2.284840114899084 5.9939032700096835
0.8296142646391154 2.0262879939363936 6.082564969267458
2.160011588361103 3.492296564181341 5.766412245534545
8.368396769116512 -0.9966553723652314 3.87173116641557
8.147341848168844 -2.014950740004598 4.094392571832019
8.276954697801258 -0.121159706017407 3.8565348340371495
7.881541644740624 -3.0355061819837115 4.372929433798855
7.9713058946500945 -3.9821018327570075 4.376781473293718
7.967283651074016 -5.065939600215529 4.319939855027296
7.883663700906738 -6.057692738910914 4.217230639788963
8.033275387392251 -7.044739911139138 3.8787683373855373
7.575897362833021 -8.358620027364298 3.9703555269398585
8.624353329760266 1.2625763453017473 3.254665995064168
-0.0015540486868577674 -5.639953031734391 7.906568996438189
1.1607752359049133 -1.6269745513336984 7.007341260147573
5.779929243337826 2.2183380876505625 4.719971712351596
4.892853823664032 2.2960865190105455 5.1826417886399
3.917045449674822 2.304538230879702 5.631979018635384
3.862200001951764 1.2831221559292727 5.737420108827568
3.77952481021424 0.341035345464917 5.881229412115848
6.7197013799760015 2.188365860703933 4.204982203946447
3.5968137376472296 -0.7694187447615688 6.157195616185624
4.6454549526145446 -0.4861167731887157 5.727408453685617
4.039607733644486 3.359430821555198 5.306973592029796
7.82333252763536 2.3122805701246456 3.3937163451576815
-0.3632513686689592 -6.636324270796664 7.833429349540799
-0.2809543423404445 -7.732345151536366 7.660037945333281
-0.519831374389087 -8.58805240157924 7.369649223772518
0.9300988734349447 -8.288436246170864 7.604144141389611
2.2763291722914007 -8.875200127929276 7.23825945887248
3.149509197353401 3.977774376891267 5.418016123934558
8.98059589791267 -3.2410737703281898 3.6112192310467375
8.922858717194403 -2.028269404238869 3.537709833155122
9.941706295761024 -2.1699100263959163 2.6203893379965892
9.992915679445913 -3.049438474042712 2.682192423523368
9.756084087924288 -4.067919394660259 2.9197595369636957
9.395375755810663 -1.0021865306700593 3.039581007323798
9.306180187033613 0.0512649248980912 2.9904322534954026
10.46377430059891 -1.911610576044807 1.3089285356731244
10.615357236801723 -2.925493126006531 1.1792874046064494
10.181589984020377 -0.7689582701385627 1.5836269153830336
9.945337131678142 0.1391363609058216 1.5714637079720672
9.441488616071581 1.1791000945086139 2.2425206865498972
5.5911508351655055 3.240505815293697 4.407674300266904
1.9763144395116297 -7.299815751942452 7.723434408814963
9.244693256440724 -5.072758272853856 3.2843878271458777
6.274046124208874 -10.275268793949405 4.510128651052721
4.152593560824848 4.646684887119955 4.672811593259469
4.9045675794105446 4.259201389878133 4.372494560728303
5.988082489344707 4.371612754503918 3.531653733413563
5.154208214753799 5.45133017016656 3.6651912351921885
4.2359533663972675 5.492377589378866 4.214576241010269
4.282912393244942 6.517875959844862 3.787091393193289
3.4637175400649967 7.137850739933092 3.885750428375271
2.5742056896486156 7.637424190549851 3.8916151984211265
5.4381651322821565 6.529230858988547 3.0098706429521154
4.94653648219848 7.636914092581178 2.9953788164739312
5.464794999626563 7.73647928368035 1.4707805837530512
6.044981287148656 6.354502593035119 1.898052550763044
5.333151891241638 7.05698549024281 1.0179329118051692
4.696379422805528 5.926332204814864 0.4180246124370275
6.107711445664433 5.249256440490041 0.8117736954860546
6.160019178522087 5.544822977710653 2.2819987750254795
6.935142661698875 4.471780826680385 1.8424265550328869
5.151446090646744 8.62812801724928 2.1101106377870216
4.724324847265421 5.017507638618088 -0.13735437230402214
5.9624994470347925 4.591975604430068 0.032345758632179256
6.860179687793415 3.7922697695689114 -0.357108472782196
7.789434223319267 2.8207868520549977 -0.5884009252256078
7.771916269422467 3.611300386852167 0.8134551699991319
2.0128603502854148 6.73078090131906 4.349073440944949
4.390973218496071 7.467750945829453 0.5174609237487948
3.4605946193079924 7.594967916220085 0.16479432634203772
2.4723733160612023 7.243286132992259 -0.06286550640830546
2.9709769559244283 6.106599015687187 -0.029980267381864878
3.1900502651378853 5.174722962167277 -0.35550608743985107
8.9003923274295 -6.060355239104193 3.3713170000692463
3.0765381248557615 4.227162502704022 -1.1729973246970817
2.5078056874124206 3.408131505659242 -1.8233844939252186
8.62354311100686 2.5196499683595395 0.38364279326381867
8.814761371907542 2.554002540255514 1.4088310926387435
8.683640033208182 2.295261825952511 2.467534076269497
7.88083415940944 3.350277900056897 2.2682784701335494
2.5160772463827272 5.708760782519461 4.717472327155321
9.398390640153123 1.3028714879157919 0.768446266427637
9.434232381728489 0.39591019627570967 -0.006982683918813848
9.98826050988154 -0.7197728878235776 0.3188192393335365
10.051778296347871 -1.582633007218314 -0.11051868127972464
10.085834871238749 -2.6634758703532233 -0.42458766007424553
9.137726977404263 -0.8577602798491568 -0.8818178209705779
8.591816935576967 0.609117485602491 -0.9612302870555781
8.501949365961464 1.65463905617468 -0.6333361471572466
8.83906647649256 -2.160970266925013 -1.3150456530392436
9.301662171288639 -3.492611870711328 -1.2056490482174052
8.02239853033065 -0.256869625165824 -1.636310641217129
7.313097983423389 -0.12599385873777602 -2.0582197203549573
7.588349809891126 0.8206502321227801 -1.7650399439634639
7.544960468522943 1.835600102970108 -1.5277796466071032
7.525280556036331 -1.3781269254374875 -1.9149649030309646
6.541305517681802 1.49420992364497 -2.179176493927856
6.795354752655299 2.961433181382048 -1.426848620410746
5.474621284146089 3.742617083577064 -1.293150594815744
8.269702002923468 -9.718373839376005 1.2939806292084883
6.897198785223535 3.333488262304447 3.45427186682229
-3.738858727534301 2.3816807512433193 -2.353730309934299
-2.9380022722815053 3.040944295948368 -2.2538421941003235
-3.054859951905282 4.057567331939866 -2.1753025159664245
-2.858642884939928 5.039185089110161 -1.8953355176800666
-5.178920299071241 3.10275463985631 -2.3097739528047985
1.454189215361389 4.286418192597628 5.447251129421514
-3.460950695635385 21.085465973079096 -1.8781661417027324
-3.7574606988224564 19.875168901345916 -2.3733555612515516
-3.67629796334691 21.279673956728026 -1.0424189630977443
-3.64411436315589 21.100455416154084 0.06362355643497797
-4.474483032127028 20.51712897465905 -1.5128871078099029
-4.741910106180277 19.438574489799137 -2.0860955205202334
-5.8906594830296495 19.464039210831544 -1.3064941998973654
-6.313983566830307 18.49873196021607 -1.327039571164899
-6.655390789003541 17.515654423124104 -1.278028640168316
-5.88822028828463 17.487144928641236 -1.7084360700891146
-6.417099712889306 16.49903335818644 -1.4601102452395964
-6.2773909292828876 15.307829186619845 -1.5241477156421275
-7.704127952657231 17.182744518049304 -0.4237042704961743
-8.181163151210905 16.955871707457135 0.437041413641057
-7.613152243143409 18.511207772273224 0.2979060223678138
-6.742057858823245 19.408620417567676 0.9852319307260569
-6.6862361041439256 19.546107295106708 -0.3028755536831789
-5.561249273775705 20.30506023815108 -0.5471585172650608
6.895697017659271 -8.466966735469125 -0.007931582365521828
2.8053847658515974 -9.31246216890234 1.658325089984999
2.982598802157549 -10.428346444851762 2.5492802746632086
2.4286110601007675 -11.35792071609046 3.6556576373938787
2.857236572053111 -11.851053353606826 4.30448660228736
-5.917002075744354 11.35650698858702 -1.222906855294079
-6.422673517668348 12.427002251084266 -1.3275664270037937
-6.31585620210308 13.445339186824974 -1.4531621130668673
-7.291904090405936 12.972863924574774 -1.0241535667054444
-6.170228200094334 10.337894559742207 -1.0624247495266195
-0.2559631843577846 -4.444841206415719 -1.3517591859580618
-9.665954309810935 1.5874155593410095 1.6279087755197343
-8.26647104983258 13.488073114989465 -0.12540369457129397
-8.368776512226635 11.899992091758705 -0.23105417269930162
-8.294063335481672 14.450081270017234 0.3054432976576469
-7.944223531426043 15.753647282683572 -0.2763544429099056
-7.363842762309781 14.513756740218787 -0.9870865027351226
-8.683345923715102 13.398977888362428 0.9288772303186079
-0.5573774224838548 -4.5710641152122315 7.705632882897069
-0.7339546046622103 -3.239146767897994 7.410598958404721
10.174081868884853 -6.869183353116796 0.6765530067045078
0.23014106173488227 -11.59069967674795 5.413318761821829
1.7815727606883793 -11.776088767913077 5.391294688555614
1.5697309901735905 -10.963750351640572 6.433348000503728
2.67274280557065 -10.668900877804544 6.477320390922067
0.6359230164781978 -10.881944748704726 6.459314371393942
0.770866739907994 -9.701371306450378 7.048867649283755
-0.5483570484976463 -10.901376762229821 6.2251491185378205
3.560556398165217 -10.265843340098458 6.376016079470691
4.035951223289727 13.157352645670647 -0.06594481362948068
1.2753885699029364 23.070789964684046 -3.893861041782287
8.475872799215722 25.73625907996137 -3.822517610545756
7.93610046736403 25.57906323116699 -5.152200910172476
7.98495045261076 24.332816070892314 -5.594962509741231
10.671642102368752 -4.074166822266034 0.8750644454767473
3.5371688566216912 2.3693469320146705 -2.3667639103724314
5.031936704627184 2.2292802944306027 -2.39404330552558
4.37170351958865 3.23469648423797 -2.051969564123074
4.942689906429361 1.099474769802423 -2.5485519343754977
5.448155719602035 0.1372906764387708 -2.5335406665857723
3.4463549295569105 1.1244649842734287 -2.528169348601896
8.070434239340834 -6.393343015811217 -1.262590346095319
3.4358326942785933 8.82505416284796 3.17254882808695
-1.6867588518431254 3.866701749499924 -1.8444739301389903
7.814213809839079 22.67578720963619 -5.187060440801508
-0.14436136309728298 0.7284465400939854 -2.402850273551759
-9.07743541490876 11.073564131242062 0.9476722524802941
-5.522851163438097 4.324938233684609 -2.168556136716278
-5.633738996236859 5.479843316233921 -1.9713462022302972
-6.133045452217412 6.3521599682177925 -1.6432585243150966
-6.215293946942545 2.69556149345609 -2.052915510598557
0.8949630616046245 1.612046188793371 -2.2665382454971077
1.4683335108784585 2.5372425310652913 -2.0592754690629835
-7.461109434114975 11.466966738843832 -0.8650586955658117
-8.106152810518422 10.470432697303705 -0.45163135931100973
-7.860094854927444 9.451453689133576 -0.621838367803618
-8.809811155935432 8.177393071048332 0.17931685240340378
-8.976417489401955 9.421715662620217 0.5631386571027617
-0.888652329308872 2.5346562108592274 -2.0179441848678596
0.6076466433084895 7.488023975546355 -0.3928865174902725
-5.837837582776488 9.026965204668741 -1.004494258878518
0.9667679770849771 6.429408806287301 -0.34857076163276957
1.719714098905071 0.5397305248611375 -2.5117197990414377
-1.6494464732111431 -0.1301846108973157 -2.3379416539014857
-1.9816512052512028 1.1647535571019263 -2.2705927488030375
-3.6864999211445775 6.305825624805696 4.587922020059229
-4.511695038161714 7.41634421642544 4.53381124000594
-5.551233264196262 6.551137294399605 4.2534054887587
-6.13884763288905 5.374243966451907 4.044270556798571
3.152437316829203 9.197466485574822 -0.06461055188424658
4.40055947517553 8.99551906559218 0.45543253460692323
731 646 733
646 645 733
141 142 143
629 630 631
630 617 631
251 253 254
138 399 397
273 274 723
573 605 580
745 497 499
497 498 499
191 190 186
116 20 725
687 433 688
726 216 115
691 711 92
711 691 690
443 442 679
17 15 16
15 17 89
747 758 741
53 31 26
31 29 26
492 170 242
2 0 729
235 231 250
705 750 749
485 486 745
442 113 112
687 688 686
10 11 13
10 13 9
642 757 641
743 746 224
208 198 207
209 390 247
344 347 216
347 344 343
739 673 674
673 739 754
176 184 175
90 14 15
205 204 206
567 586 585
221 220 222
554 583 584
682 695 681
682 681 680
263 264 272
249 241 240
241 249 492
422 436 438
117 118 455
173 221 174
221 223 220
178 185 194
616 617 618
617 616 611
230 231 233
10 12 11
576 577 644
613 576 644
562 555 559
173 174 203
167 170 197
167 197 165
177 178 179
385 386 560
386 715 560
575 576 613
599 575 613
579 526 533
193 384 383
219 151 220
672 203 676
85 394 762
394 763 762
760 203 672
132 368 39
452 328 451
303 308 304
687 686 685
650 592 649
284 244 285
285 244 246
151 707 150
220 151 150
49 52 53
26 49 53
223 219 220
154 160 227
154 227 228
378 677 377
741 759 760
340 190 341
225 219 223
375 374 372
196 87 195
149 226 224
751 753 750
569 566 567
569 567 568
202 204 201
200 201 204
209 247 198
683 435 685
684 683 685
54 387 55
377 376 406
229 228 227
435 683 679
459 476 463
476 459 460
497 140 139
98 709 742
709 98 713
134 136 398
99 134 398
110 111 212
111 213 212
668 636 665
667 668 665
200 199 166
406 405 404
240 248 249
340 259 386
340 386 385
177 183 176
53 52 54
207 204 205
144 141 145
370 374 622
413 486 485
99 97 98
379 677 378
691 92 91
275 263 408
77 78 93
77 93 94
99 742 134
751 752 753
702 701 749
591 584 611
584 583 611
573 580 552
44 46 42
41 44 42
142 391 226
391 142 497
687 434 433
391 497 745
131 83 217
83 84 217
139 137 752
498 139 752
583 553 588
553 552 588
673 760 672
498 497 139
618 617 630
205 206 453
587 566 589
566 564 589
732 668 667
422 438 423
137 136 753
118 289 455
709 708 704
708 712 704
368 369 47
413 414 486
526 578 577
392 396 393
393 396 394
713 710 708
77 94 76
59 67 60
67 68 60
196 195 681
649 592 580
357 133 48
495 479 740
750 742 709
750 709 749
760 759 202
760 202 203
713 98 96
734 736 731
381 293 194
456 457 356
120 28 32
481 483 482
494 493 496
11 363 13
79 81 80
438 431 425
431 438 432
423 106 412
145 148 147
147 148 707
59 64 67
67 64 66
648 610 652
610 648 649
199 200 204
69 61 68
68 61 60
349 351 352
11 367 362
32 48 123
116 725 130
232 234 233
368 371 369
49 27 28
19 21 89
57 53 54
394 396 395
368 47 39
631 650 637
671 650 631
743 391 744
581 563 562
116 130 117
130 119 117
186 190 193
27 360 28
17 22 41
9 14 8
13 16 15
14 13 15
355 351 133
351 125 133
6 8 348
262 256 261
355 356 354
353 355 354
657 654 655
218 373 217
662 666 663
552 592 588
275 408 237
68 77 69
359 466 361
256 255 260
84 85 218
260 252 408
232 251 234
74 393 84
83 74 84
44 45 46
180 764 189
412 422 423
422 412 413
2 3 346
494 496 495
496 479 495
484 495 729
389 706 328
474 481 480
163 233 191
253 251 252
63 131 132
62 63 132
617 611 671
158 157 342
519 520 700
520 519 724
454 453 741
739 675 416
170 169 242
256 258 257
186 178 176
178 177 176
573 552 547
252 237 408
532 530 529
249 342 492
453 206 759
517 512 518
305 308 333
517 699 698
333 308 327
752 137 753
459 463 471
163 161 230
512 511 614
577 578 644
477 494 483
494 477 493
740 3 2
27 25 360
553 583 554
339 310 737
237 239 238
545 553 554
477 483 481
261 263 262
278 270 279
559 539 564
242 247 246
4 348 347
211 210 109
211 109 110
470 476 460
107 106 455
290 107 455
467 12 469
12 10 469
221 173 223
715 714 561
0 2 346
101 102 127
135 14 90
23 363 25
24 23 25
320 322 735
323 324 329
552 580 592
471 463 474
571 572 600
600 572 599
535 556 557
612 531 563
165 166 167
148 149 150
170 492 197
295 280 283
172 225 223
376 375 406
284 245 244
249 248 250
198 199 207
753 136 134
56 54 55
674 675 739
144 145 146
134 742 753
253 255 254
539 540 564
280 279 283
168 166 199
260 261 256
398 392 393
482 727 481
401 400 0
0 400 1
518 512 614
521 518 614
305 299 298
503 504 502
502 504 716
516 517 698
688 690 686
75 73 72
225 164 153
138 397 396
169 168 198
432 438 436
149 224 222
250 231 158
250 158 342
171 166 165
703 689 430
689 429 430
433 434 439
439 434 440
702 703 432
437 485 756
164 225 171
498 752 751
79 80 78
473 478 470
468 473 470
684 682 683
185 186 192
192 186 193
479 5 740
103 425 104
487 486 675
191 186 176
676 174 746
57 33 31
404 377 406
377 404 380
222 224 746
222 746 221
746 174 221
156 157 159
480 449 462
449 480 727
189 395 399
224 226 743
226 391 743
594 596 593
596 612 593
760 673 754
739 416 417
739 417 420
186 185 178
489 490 129
143 142 226
202 759 204
421 416 415
440 441 111
701 432 436
270 268 284
453 759 741
192 193 383
701 705 749
77 67 78
412 414 413
442 441 679
441 435 679
6 472 7
472 469 7
461 470 460
675 486 415
421 415 414
675 674 487
674 743 487
415 486 414
395 189 764
16 23 22
395 763 394
416 675 415
421 417 416
194 293 178
85 393 394
643 642 628
207 199 204
673 672 674
200 171 172
201 200 172
754 741 760
90 15 89
622 621 738
461 468 470
621 622 638
678 448 444
444 448 445
340 385 384
340 384 193
173 202 201
202 173 203
172 173 201
398 136 392
203 174 676
198 247 169
390 388 300
388 302 300
380 382 379
380 379 378
233 231 232
141 143 145
172 223 173
247 242 169
436 437 701
198 168 199
235 248 236
248 235 250
396 137 138
137 396 136
521 614 522
532 534 530
284 283 270
270 283 279
558 555 562
759 206 204
200 166 171
244 243 242
300 295 301
700 699 517
563 558 562
163 191 175
390 300 301
242 243 241
509 579 507
579 511 507
167 168 169
240 241 243
249 250 342
237 236 239
263 272 262
390 301 246
390 246 247
492 242 241
283 285 301
295 283 301
244 242 246
276 269 277
269 276 266
388 390 209
178 180 179
266 274 272
61 62 39
62 132 39
272 274 273
510 506 670
506 508 670
319 325 321
578 579 509
208 209 198
251 254 234
225 153 219
376 638 375
166 168 167
172 171 225
147 146 145
397 395 396
150 707 148
497 142 140
404 405 294
167 169 170
146 189 399
144 146 399
156 159 154
181 179 180
633 643 628
375 407 406
149 143 226
435 687 685
139 140 138
143 149 148
397 399 395
144 140 141
140 144 138
144 399 138
140 142 141
708 709 713
98 742 99
147 229 187
146 147 187
148 145 143
164 162 155
164 155 153
190 233 234
341 190 234
150 149 222
220 150 222
171 165 164
162 156 155
228 229 707
229 147 707
229 183 182
228 707 152
152 707 151
219 152 151
165 197 162
165 162 164
275 264 263
152 219 153
254 341 234
156 342 157
162 342 156
342 197 492
197 342 162
154 228 152
154 152 153
230 158 231
154 155 156
154 153 155
408 263 261
266 276 274
255 256 257
255 257 254
232 231 235
235 251 232
239 236 248
240 239 248
238 245 271
245 238 243
244 245 243
259 257 715
257 714 715
235 236 252
252 236 237
408 261 260
265 256 262
642 643 419
643 645 419
596 595 722
268 270 269
755 421 291
79 67 66
653 659 652
271 245 268
265 258 256
243 238 240
238 239 240
154 159 160
276 723 274
389 308 303
237 238 275
718 719 721
255 253 260
504 509 505
277 269 278
269 270 278
268 245 284
278 287 277
279 287 278
246 301 285
268 267 271
388 209 208
252 251 235
564 582 559
567 587 586
522 523 527
268 269 267
324 323 326
267 275 271
275 238 271
267 266 264
265 272 273
272 265 262
696 403 410
267 264 275
722 595 273
696 311 309
260 253 252
191 233 190
284 285 283
298 282 297
303 298 297
638 374 375
267 269 266
375 373 407
161 163 160
272 264 266
376 377 677
710 93 711
61 70 62
62 70 63
477 481 474
590 587 589
594 593 265
525 533 526
533 525 524
514 512 517
516 514 517
724 528 597
273 595 265
79 78 67
689 711 688
160 159 161
71 131 63
70 71 63
97 82 75
75 82 73
184 163 175
227 160 184
182 181 187
187 181 188
163 230 233
181 182 179
612 597 531
519 522 724
331 326 325
182 177 179
420 754 739
254 259 341
763 395 764
763 761 762
761 763 294
380 381 382
381 192 382
191 176 175
393 85 84
96 94 713
94 93 713
259 340 341
56 57 54
381 380 404
257 259 254
257 258 714
194 185 192
192 383 382
704 702 749
559 582 560
715 386 259
389 388 706
575 550 576
560 561 559
724 597 720
67 77 68
378 377 380
407 373 218
383 569 382
382 569 379
640 292 765
584 586 554
190 340 193
293 381 404
131 71 83
178 293 180
194 192 381
183 177 182
672 676 674
187 229 182
746 743 676
294 293 404
405 761 294
405 406 761
218 762 407
744 391 745
487 743 744
131 217 132
744 745 487
293 294 180
676 743 674
763 764 294
764 180 294
745 486 487
157 161 159
189 188 180
157 158 161
161 158 230
229 227 183
183 227 184
146 187 188
176 183 184
184 160 163
137 139 138
188 181 180
188 189 146
570 677 569
677 379 569
499 751 756
751 705 756
618 619 616
713 93 710
122 681 387
98 97 96
753 742 750
312 411 299
71 70 72
71 72 83
356 357 361
356 361 456
761 406 407
215 113 114
216 215 114
499 498 751
72 74 83
120 50 49
624 738 621
755 291 290
26 25 27
133 123 48
414 412 291
75 76 96
291 421 414
422 437 436
102 101 455
132 373 368
75 96 97
398 393 74
82 398 74
633 634 669
77 76 69
74 72 73
218 85 762
369 488 47
645 418 419
418 645 646
373 371 368
36 45 44
373 375 372
762 761 407
373 372 371
118 765 289
292 290 289
52 49 50
34 36 40
583 588 611
421 755 757
765 292 289
36 44 40
374 370 369
217 373 132
216 345 344
345 216 726
78 92 93
702 432 701
76 75 69
75 72 69
712 711 689
66 65 79
79 65 81
11 362 363
218 217 84
136 396 392
705 437 756
437 705 701
711 93 92
82 99 398
82 97 99
95 80 88
114 115 216
58 59 35
33 58 35
712 708 710
712 710 711
429 689 433
689 688 433
374 638 622
684 695 682
627 625 626
625 623 626
442 443 113
70 69 72
76 94 96
694 196 695
196 694 693
24 29 30
766 639 640
703 431 432
692 95 693
693 95 88
61 69 70
91 80 95
32 358 48
351 355 352
86 56 55
387 195 55
430 429 428
510 505 506
531 558 563
258 581 714
431 428 425
74 73 82
92 80 91
106 103 102
106 102 455
43 39 37
37 39 38
39 47 38
216 347 215
49 28 120
43 60 61
59 43 35
59 60 43
757 755 641
41 40 44
43 61 39
466 456 361
329 454 758
126 124 125
80 81 88
686 690 692
86 55 195
372 374 371
87 86 195
695 196 681
349 350 351
321 325 323
345 352 402
344 345 402
350 349 726
135 212 213
387 54 50
57 31 53
58 33 57
123 133 124
428 439 427
685 694 684
52 50 54
447 126 446
78 80 92
119 118 117
64 56 86
65 64 86
109 427 439
362 25 363
691 91 95
81 65 87
87 65 86
88 81 87
57 56 64
115 350 726
448 681 122
681 448 680
196 88 87
348 366 214
366 213 214
435 441 434
88 196 693
727 480 481
49 26 27
691 692 690
692 691 95
457 449 365
680 448 678
684 694 695
361 358 359
443 678 444
681 195 387
444 445 114
445 115 114
473 468 472
468 469 472
694 692 693
692 694 685
120 123 121
120 121 50
387 50 121
387 121 122
445 448 447
106 107 412
705 751 750
428 426 425
682 680 678
429 433 428
433 439 428
495 740 729
111 110 440
434 687 435
679 683 682
686 692 685
111 441 442
33 34 31
499 485 745
485 499 756
682 678 679
434 441 440
709 704 749
350 126 125
443 679 678
22 23 24
442 112 111
343 346 4
113 215 214
112 113 214
34 29 31
635 634 637
444 113 443
688 711 690
114 113 444
464 456 466
456 464 458
66 64 65
43 37 36
413 485 437
422 413 437
107 291 412
354 356 364
59 58 64
431 430 428
424 423 438
703 702 704
430 431 703
102 103 104
103 424 425
104 426 105
703 704 712
703 712 689
425 424 438
445 446 115
106 423 424
291 107 290
725 42 46
211 90 89
104 425 426
106 424 103
105 108 127
13 363 23
637 634 631
631 634 629
757 419 421
35 43 36
127 21 19
100 127 19
110 212 211
428 427 426
102 104 105
102 105 127
38 51 37
37 51 45
110 109 439
765 119 766
119 765 118
359 358 32
127 108 210
108 427 109
335 661 500
335 500 336
210 108 109
108 426 427
33 35 34
34 30 29
105 426 108
64 58 57
346 344 402
110 439 440
478 476 470
211 21 210
479 478 473
115 446 350
665 664 667
121 123 124
629 628 627
446 126 350
483 484 482
112 213 111
472 6 5
214 213 112
726 349 345
345 349 352
445 447 446
122 121 447
448 122 447
468 461 467
125 124 133
120 32 123
121 124 447
366 8 135
133 357 355
366 135 213
351 350 125
124 126 447
14 135 8
30 41 22
359 367 466
343 344 346
402 353 401
418 420 417
358 357 48
677 598 651
598 677 570
733 645 669
669 645 633
623 630 626
572 574 599
0 1 728
458 459 462
353 352 355
401 346 402
479 473 472
457 365 364
400 450 1
356 355 357
402 352 353
364 365 354
400 354 365
729 0 728
401 353 354
346 401 0
472 5 479
354 400 401
276 717 723
319 316 325
536 538 556
215 348 214
5 4 3
3 740 5
367 12 465
361 357 358
347 348 215
343 4 347
20 18 725
725 18 42
7 8 6
47 488 128
38 47 128
647 636 637
732 731 733
732 733 669
493 474 475
119 491 766
18 17 42
647 648 652
12 367 11
211 89 21
468 467 469
26 29 24
360 25 362
624 621 620
135 90 212
210 21 127
580 610 649
46 51 130
588 671 611
90 211 212
116 100 20
100 116 117
46 130 725
9 13 14
24 30 22
616 619 615
570 568 598
100 101 127
13 23 16
17 16 22
45 51 46
8 7 9
20 100 19
457 364 356
26 24 25
632 766 491
490 632 491
34 40 30
8 366 348
738 632 490
544 546 545
758 330 329
10 7 469
459 471 462
465 461 460
549 543 541
620 618 623
51 129 130
292 755 290
579 533 511
511 533 614
322 319 321
464 466 465
367 465 466
330 323 329
494 495 484
6 4 5
360 367 359
28 360 32
490 489 738
289 290 455
605 610 580
316 331 325
12 467 465
465 467 461
464 465 460
6 348 4
4 346 3
7 10 9
659 647 652
482 729 728
727 482 728
475 476 496
476 478 496
590 589 540
2 729 740
484 729 482
474 493 477
17 19 89
717 718 721
483 494 484
609 652 610
479 496 478
534 525 526
562 559 561
400 365 450
297 282 281
551 535 534
337 338 339
338 403 339
657 666 662
666 657 660
1 450 728
450 727 728
454 741 758
602 599 603
664 665 659
18 19 17
748 731 736
758 748 736
329 453 454
667 734 732
471 474 480
493 475 496
456 458 457
480 462 471
449 727 450
618 630 623
365 449 450
606 601 607
462 457 458
457 462 449
463 475 474
36 37 45
458 464 459
459 464 460
476 475 463
630 629 626
503 644 504
335 315 334
20 19 18
370 738 489
628 639 627
640 765 766
371 374 369
755 292 641
541 536 550
550 536 551
615 591 616
656 660 655
627 626 629
523 524 527
671 588 592
757 642 419
129 119 130
634 633 629
629 633 628
359 32 360
362 367 360
40 41 30
17 41 42
101 100 117
101 117 455
488 369 370
625 766 632
668 732 669
36 34 35
51 38 128
490 491 129
128 488 489
636 647 659
128 489 129
51 128 129
620 623 624
624 623 625
640 641 292
488 370 489
129 491 119
370 622 738
591 598 585
598 568 585
319 317 316
649 648 650
620 619 618
627 639 625
625 639 766
417 419 418
650 671 592
636 659 665
568 567 585
332 327 326
584 591 585
632 738 624
624 625 632
562 561 714
417 421 419
653 609 654
598 591 615
637 648 647
328 452 324
628 642 639
642 640 639
640 642 641
565 566 383
383 566 569
587 567 566
546 571 547
658 664 659
671 631 617
589 564 540
586 584 585
570 569 568
619 620 621
651 615 619
651 619 621
651 598 615
591 611 616
565 582 564
385 560 582
638 651 621
286 282 698
651 638 376
677 651 376
324 452 329
643 633 645
420 418 646
748 420 646
646 731 748
500 661 656
730 500 656
634 635 669
635 668 669
650 648 637
599 613 603
602 603 730
730 603 503
730 607 602
635 637 636
668 635 636
601 608 604
608 605 604
660 334 666
334 660 661
286 281 282
660 656 661
655 660 657
548 574 572
522 614 523
600 599 602
608 609 605
736 330 758
384 385 565
571 573 547
547 553 545
574 575 599
288 718 717
590 542 544
545 590 544
606 656 655
555 539 559
605 609 610
546 572 571
572 546 548
308 389 327
389 328 327
545 546 547
553 547 552
385 582 565
320 735 663
549 575 574
326 328 324
549 574 548
564 566 565
530 531 529
590 540 542
322 321 330
560 715 561
586 587 554
716 336 501
502 716 501
311 312 307
312 306 307
554 590 545
549 550 575
554 587 590
303 297 296
723 722 273
409 514 411
539 538 540
594 595 596
453 452 205
543 549 548
543 548 546
542 543 544
543 546 544
384 565 383
307 306 333
735 734 667
581 562 714
557 530 535
754 747 741
721 719 722
325 326 323
524 523 533
538 539 556
556 539 555
719 718 720
543 537 541
723 717 721
697 299 411
721 722 723
720 520 724
537 543 542
281 279 280
538 542 540
327 332 333
541 537 536
542 538 537
322 734 735
537 538 536
717 276 277
550 551 576
535 536 556
311 307 309
515 508 513
513 508 511
535 530 534
536 535 551
532 525 534
529 597 528
597 529 531
527 524 529
558 531 530
287 288 277
409 411 312
555 558 557
555 557 556
550 549 541
558 530 557
524 532 529
288 717 277
699 286 698
516 698 411
698 697 411
527 529 528
597 612 596
282 298 697
288 699 718
699 700 718
282 697 698
593 612 563
595 594 265
337 339 737
667 664 663
735 667 663
506 507 508
508 507 511
410 515 409
332 326 331
730 503 501
519 518 521
300 302 296
528 724 527
258 265 593
527 724 522
258 593 581
593 563 581
597 596 722
720 597 722
722 719 720
520 720 718
700 520 718
287 699 288
700 517 518
519 700 518
311 696 409
519 521 522
303 304 298
699 287 286
287 279 286
313 310 309
515 514 409
505 510 338
505 338 716
503 502 501
577 551 526
508 515 670
532 524 525
577 576 551
534 526 551
526 579 578
614 533 523
510 670 403
505 509 506
506 509 507
411 514 516
657 653 654
512 513 511
314 313 333
504 505 716
654 606 655
716 338 337
613 644 503
403 696 339
509 504 578
578 504 644
514 515 513
403 338 510
603 613 503
607 730 656
573 604 605
604 573 571
606 608 601
654 608 606
604 600 601
600 604 571
609 608 654
601 602 607
306 305 333
607 656 606
602 601 600
657 658 653
303 296 302
334 661 335
334 315 317
315 316 317
295 281 280
312 311 409
336 500 501
409 696 410
658 662 664
662 663 664
316 332 331
315 737 310
310 314 315
298 299 697
281 296 297
295 296 281
299 305 306
312 299 306
513 512 514
304 308 305
303 302 389
302 388 389
323 330 321
304 305 298
310 696 309
670 515 410
403 670 410
286 279 281
300 296 295
327 328 326
706 388 208
332 314 333
320 663 666
318 317 319
322 330 736
662 658 657
208 207 451
706 208 451
451 207 205
706 451 328
205 452 451
653 658 659
734 322 736
747 420 748
754 420 747
329 452 453
747 748 758
732 734 731
337 737 336
337 336 716
320 666 318
320 318 319
320 319 322
318 666 334
317 318 334
609 653 652
314 316 315
730 501 500
332 316 314
307 313 309
313 307 333
696 310 339
336 737 335
313 314 310
335 737 315
