656 1308
7.906026803889716 24.04049939896739 -6.698043054030155
7.516038997224085 22.78462385994549 -6.048571275631302
8.528918430691519 22.85558657396991 -5.808936718110941
8.341515236206511 22.33455890572995 -4.826030008835211
7.45748320035742 21.990016041678913 -4.971333514154319
7.805043075749138 21.950657810067348 -3.907975466995646
7.445833353817963 25.106737313789075 -6.74315655921176
8.046274816106521 26.059986488431328 -6.751191732741278
9.046366747855627 26.14245939544049 -6.806059776863513
9.931174158175677 25.64151176759424 -6.667527767591498
9.39001472671167 24.789814583887868 -6.70858958517422
10.489307095420601 25.622321570236437 -5.692445810565461
9.95102734057731 26.677403884703565 -5.72037944587399
9.146740571107847 26.966508366509828 -6.004786673918398
8.156173321142608 27.04183591962469 -5.842610871928601
8.098529113895108 27.049809791695495 -4.810304719164797
6.2855130790782665 22.583449734824065 -5.828473973975829
9.153167097527731 26.881937413655223 -4.768150650423838
9.048604135056202 25.97319961317976 -3.7888022405843236
9.993562879086147 25.882549261973047 -4.599918414639218
9.580670570431394 24.340171091168287 -3.8512296131237163
10.284042535541776 24.641882946406284 -5.226642350178162
7.9878115621844135 26.28917457068551 -3.6994492060343656
6.8948853980375455 26.291442826764005 -3.875997834368263
6.172546756445203 26.154609029839285 -4.623537566625146
8.060279109653726 25.042268840189372 -3.014295269335701
7.580247938324671 24.065487366241683 -2.638574740522012
8.443279457278356 23.925370218223122 -3.001457925127803
7.9490245787351235 22.992627804747734 -2.93321544125359
6.273834726820363 25.344715935265874 -3.0182201937824464
4.914742707892897 25.088446068180346 -3.106310313663329
3.9334562691666477 24.651462809669155 -3.758436448430905
5.072882585135726 25.491542447949854 -4.23084449085642
6.329483904345116 21.635391431340835 -4.90595029792634
4.8957026043322776 21.596266623042055 -4.874486098364343
4.885027265031722 20.53790298518328 -3.9159873210311855
6.344939496078892 21.136624363029057 -4.090063979461673
6.777141708249152 21.15734655244995 -3.0081821914488893
7.145341422662916 21.99269074521783 -2.6845885690525053
5.897638233788102 20.439712700589418 -3.040943663206823
6.074774618778742 20.902338793260192 -2.0532532960331737
7.061483644372918 26.433736808302392 -5.691988065076824
8.813266156718992 22.853174095961528 -3.870840438445283
9.435203339459456 23.244540191288486 -4.785382920609663
9.609339738455182 23.658891370914645 -5.795192760790085
5.564561615850856 23.24345097945249 -5.9495510450387865
4.456871239525931 23.227612206637815 -5.303893849023073
5.6680999547941635 24.38222609991027 -6.036771800740745
6.013851798865845 25.36198626299513 -5.890502687193273
6.1820407983915 24.293046806945803 -2.420661808206527
6.100715940288434 23.37390932986741 -2.0691258409905364
5.831815735765469 22.322713316404297 -1.7377202158575846
5.064888385940571 21.2023087927559 -1.2374739296996835
4.701899473499298 24.01352797510455 -2.2202853667458173
3.6377072493942473 23.73796206919132 -2.182736088835811
4.34246843126284 22.06441036101377 -1.2387381870917475
3.470347374926107 22.50695104358571 -1.3904642056609484
2.4853550972095673 23.024742002298936 -2.1271615313263954
2.9665467713773466 23.76629156709027 -3.4930656050396243
3.324520534591049 21.717045564087407 -0.9888434740988757
2.435839980747737 22.039498246980145 -1.2117854671778434
1.510783491570993 22.068574370867296 -1.7885404311562174
2.9366675867088436 20.62941073877409 -0.5084839571058707
3.528235962231541 19.656371304348255 -0.26771283030766546
2.786494428969312 18.763156106283105 0.3409166521036263
2.649632970938124 18.01676132910748 0.6984236299313702
3.3352037796673897 17.660302782040375 0.49206904131481466
3.4923957553979186 16.78461945591159 0.6944930522521566
1.9852310443439678 16.86583916960683 1.3548122046927962
2.5438618910450588 15.81935157344611 1.4534594301974746
2.0785969485925717 14.823434550176028 1.8860196772273463
2.908973852565818 14.433336630930176 1.5101879464835668
4.042621126661831 15.518703319280515 0.4316941430372523
3.9980959905498503 14.203759307336151 0.5287201096486075
4.302422803461402 16.48630684661598 -0.5841843458333837
4.184930653833287 15.497257487755355 -0.7358613762043087
2.166547887447403 22.922297616997845 -3.209082706990753
1.568540216225875 21.985639052973553 -3.2112208433634013
1.2288287937248965 21.048954765081596 -3.353106366531562
2.661178410476012 22.505210457054524 -4.051495461380108
0.6495942591841102 20.130164060558585 -3.3525528979910466
3.7991883851185584 22.996434119514163 -4.878263094944593
3.0627280647002237 21.76471722617238 -4.3302143168602
3.4389948466627973 20.679388615641898 -4.044480833571112
2.6503987625589818 19.804516762133936 -3.6546270122487297
2.7552834964102124 18.77372806018743 -3.3219650821118583
2.658810231156618 17.932261787433916 -3.113739979485838
2.591483304186861 16.773118555576062 -2.7113493166879206
2.4993554991942433 15.610887907087896 -2.2753225916078916
3.8927128399139015 18.85922326733165 -2.956150518236751
1.9958806326378777 14.842944753093354 -2.1399286595541884
1.2492100821794716 14.495216704803305 -2.236164427289135
2.066305284270245 13.817598062200709 -1.6907770607159303
2.9485228636901195 13.380483221695036 -1.1745761217578177
1.7060691922742066 12.790764707382403 -1.4168322588999371
1.4962179236892736 11.545468132879181 -1.0753662049738821
2.785422615509939 11.67212373741494 -0.43697136972200995
2.456102687016002 10.694579158152582 -0.3220651157254268
2.27835205057456 9.727552020547359 0.11346345309608286
2.193042791841522 8.727651486083603 0.5198897580992315
1.6623666113074413 7.921292168954879 0.5635844838044946
3.803463849157292 17.588158078589004 -2.2955078519143615
3.478136017148897 16.689914696821916 -2.160671357917569
3.319697005217751 15.639903117420536 -1.8217993178385772
2.9618856583653583 10.96581711124487 0.9531025669505897
1.4621701600192258 17.230556707688407 -3.2413843796632444
-0.04115778086433536 15.175966294075309 -2.8186310662984044
0.30454369466395964 14.00614124006875 -2.328066782221272
-0.406427649027019 13.208343919979045 -2.3086809567570983
0.9338371929110685 16.241903403709976 -3.029327060017758
-0.30050171172247875 16.874573515651257 -3.275264239560156
-1.177992405868274 16.881440412773834 -3.0817294333431873
-0.4671287829785218 18.28567542989977 -3.282478923739532
0.3495673625115003 19.388915356639693 -3.3807152290835076
-1.0804730621772247 19.397929156541437 -2.6763058407748157
-0.6672915119635535 20.39096848430453 -2.414378844465066
-0.8153641644522844 20.549792791193582 -1.4438342748691284
-1.7836993976763296 19.556644859125377 -1.541303421785418
-1.8199636010674924 19.533668885515297 -0.5133743268727031
-0.29508714849017503 20.324377261156542 -0.4782313890616736
0.9242184375977862 9.949682599306557 -0.8402176429871807
0.9473905086030183 8.991553508431466 -0.4384466611452911
-1.9999838284099145 17.961655597514792 -2.449461214726252
-2.3444115078232763 16.564123677884865 -2.5296675623143243
-2.1901220538555437 15.52598726872255 -2.667454905411965
-3.312714054089253 15.708090112555439 -2.0918280215677028
4.491837202549242 19.643090266294458 -3.175968180101835
-3.0218813598791847 14.648036913720826 -2.4550683909803257
-3.2161021009779622 13.66653744100684 -2.482843267491436
-3.3814624456126827 12.680293938140373 -2.483746373780809
-3.489157827621222 11.684596552850289 -2.4476531106071975
-5.01497355763064 11.594389166634794 -1.6732288127562087
-4.7778499165827855 13.244336912675552 -1.6303976323355358
-5.497190867317884 13.022393894240654 -0.6603534839090164
0.3812099776679659 21.2850438395022 -2.44236811052632
4.827664327875504 19.08797199993112 -2.225561847205287
4.885802553153521 19.528456684576106 -1.1876253116041326
2.4061635107781147 8.184745315084102 1.5702287695486827
1.950079852458381 6.739588988075434 1.3677555872985345
0.8616197154740852 6.884654093844361 0.5643615484120251
0.6729746590862058 5.935303153132555 0.8588270484897425
-0.1893284382757073 5.569822413485653 0.4745656773265652
-0.05842628756821039 7.068923204948433 0.04597779003526875
-0.9830875361861033 6.904555519818995 -0.40236168875127515
0.10289850728278949 8.08704749599519 -0.3884490927066066
-0.7841916784383652 8.20182783563795 -0.9024905427694395
-1.7048359961137958 8.367368115513328 -1.4106234484788835
-1.512827574924988 9.33509687055661 -1.781880451098313
-0.47599020367359035 9.62401357080148 -1.4003196119781178
-1.3399363131738609 10.32054560100021 -2.0698966221394457
-1.8665834852584906 7.365211613186877 -1.0139693692988012
-2.176788046846345 6.402183108631525 -0.7528779151376788
-3.0989315144705962 7.844818046746849 -1.4961070990129586
-1.805025110830798 5.327874107812129 -0.40462172331400353
-1.7764815987227403 4.226964613924373 -0.4746095190025596
-1.1379039437380485 3.1930596461956324 -0.6101465669750039
-2.204253693330832 2.354406920675455 -1.1076758621948781
-1.4972550567435337 1.307248483375705 -1.4004891575788947
-2.455179539324934 0.36930879121571564 -1.372712319620243
-2.5141346343689417 -0.7665511331959165 -1.3605657019448252
-1.5934770757135959 11.375532825129593 -2.3824773842642895
-1.2307487365143006 12.290463228608132 -2.4178468915455644
1.7537691220850213 5.758271321050298 1.4460459086966515
1.2505681757423093 4.827321843228952 1.2906665965699662
1.244262900227156 3.595836787336022 0.8111703774158785
2.500319108159108 4.622173901937251 2.264446043922969
2.483769061473608 3.6215610890804517 1.549934741099486
3.0303085156460288 3.5301240819999142 2.762372102235337
2.4597358393311284 5.710023102615803 2.781620608638086
2.404096384816529 6.663871243888114 2.516487927062096
1.7695010990284001 6.921419539368966 3.5171971955119243
1.835622557914038 7.769038082135087 2.971546891548046
2.0292979877984876 8.785032863648896 2.5011258268307235
1.76154030414114 9.808205327546453 2.5034073548825972
1.8205071935747021 10.812040187289265 2.3367627165270233
1.3254345724328243 11.885405869194214 2.5350798135873465
1.2806858180600023 12.926269350950621 2.4337281629149947
1.2282366665052273 13.98351835799386 2.3429176819270165
-0.3316941007543826 13.864091469108628 2.7240600292003676
0.5310059435861205 15.15602797809896 2.3699099474246257
0.8437490603514672 16.03765278855297 2.0453032870033825
0.761381762794126 17.166183198162827 1.601071324533443
0.740684491442912 18.082217108002354 1.127464019391599
1.1673268214649875 19.028576993599316 0.5396854457031242
2.1141502968479067 3.057374267517584 0.6468202977926818
1.7566399540689699 2.590452554078361 -0.19072762960793405
2.99938836656066 2.53922144851091 0.19862281100401702
4.22398352895828 2.2233729631958443 -0.0012609922731054435
4.4019009738728885 2.3009439378294996 0.745876517308258
4.166272185907239 2.439043914753712 1.6736787219970437
0.34552140125172986 21.24557664498871 -1.3367371202847222
1.2647168165118425 20.8557184878564 -0.5658068318414722
1.5731472875148695 19.97464487323387 -0.01721301352245702
0.9324728284421078 18.057870010159327 -3.487902721834249
2.5948619910809945 9.673784436654255 1.5702149865804005
2.6405909118264796 11.692578950849866 1.6666237580545968
2.8292158099344595 13.181725700579413 1.6027453984585787
3.6619079903376637 12.83753378286457 0.6595437446527039
3.78729700199656 13.168174036857598 -0.3210071423086156
-3.2909243663016396 16.7171109796751 -1.6752955669375666
-3.8852492307373274 16.81238636556789 -0.6133634394649673
-3.0575127456260742 17.75402746624792 -1.1032337765887563
-4.213875036288011 15.938189469477024 -0.9235865449008099
-2.324617911970301 18.585705482524773 -1.4717988869878151
-4.914745790188284 14.953132943914474 -0.17717441760323044
-4.458749636000731 14.520437095862372 -1.558717276469952
-4.26778230798831 16.220653420312825 0.40763291954600334
-4.09611418739567 15.830753190622252 1.259696755810299
-4.544678500691881 14.933410943971479 1.2603023760212908
-4.842258052728388 13.925773942076868 1.3912370719715488
-3.8245098661692327 13.8646788734529 2.2355195509597037
-3.814227610408262 12.743384881927781 2.486608333385619
-4.157181115055698 11.785705757411803 2.739808011658219
-3.2629383549299 14.680228165905113 2.2844152198381487
-2.8550076270845888 11.375840444345776 3.2489868613814217
-2.970392949175786 15.645905029401137 2.176786090943396
-2.443934589578814 16.32048244747311 2.1940131964116847
-3.3546175373496596 16.893611963910352 1.37386725722841
-4.318084198222469 10.781416353327149 3.146130861682328
-2.444899787623798 13.533069079504255 2.7089206045951983
-5.177980662726888 11.51307474426499 2.2226223673158434
-4.513555226768823 9.816152874816053 3.5707258422434385
-5.511995064068605 9.498111552219948 3.13071548213006
-4.647059280820389 8.77466396619558 4.067418482749954
-4.871491034033855 7.846798245956678 4.439225716778651
-4.675630438848375 6.800975390703308 4.909799842615676
-4.991464612000458 5.845084296826267 5.103322749120029
-6.121157105319097 6.024020227895235 4.480590595305086
-5.987727083499142 7.164052700977868 4.094717590763146
-5.6155530855971 7.9688115818339496 3.943102069783676
-6.634224050904106 8.007303935345995 3.0086784325272133
-6.940365153717327 7.172666738313505 3.190081074660819
-7.048193305201864 6.176470957181836 3.573449714626179
-7.185340003484921 5.02104622459273 3.9746539694222247
-7.788834891754178 5.284788925778543 3.038524868770457
-5.834917964794233 4.963417679814953 4.984161855976502
-6.2271651336905895 3.9204234850584956 5.086053059454141
-1.8828109734442298 17.670802122399188 1.6269160104835745
-3.4367482087783534 9.279224409898474 4.137458075273047
-3.0556206731533178 17.794997365919556 0.7096161546478736
-7.3160114173224216 7.742111213825011 2.1068876870670077
-6.615408446056199 9.269468120765257 1.9536418893567253
-6.193792210266766 10.092420806551418 1.9575094387220777
-6.547678628863112 10.151953926346932 0.7186196023631437
-6.107682247593632 11.108404862462885 1.2074695533978923
-5.111403594426393 12.956271481539419 1.5067377737353205
-2.503263555999363 8.766575479116273 4.440816144918401
-3.0583814880901095 7.440918078750824 4.961123694807512
-3.4262093295035867 6.42856453555193 5.258746731318034
3.6133613034493655 14.577863785876454 -1.1669066286142038
-2.145232310673132 18.71666266544721 0.5533969593604519
-7.952735146863601 5.861482875754079 2.0657232389991655
-7.7236146000092365 6.625652737165677 0.9351836930949393
-3.5242341254479683 8.649790439706136 -1.8232470781934778
-3.352720884089328 9.635414106737908 -2.078101329236094
-2.9883447935110974 10.630431331262564 -2.360986389766292
-4.653739314783133 8.413754449085458 -1.5629116113403205
-5.563622614990132 7.96803625305256 -1.1912312007795838
-6.49680561042243 7.781602695999682 -0.659641627903463
-7.180092409695838 8.229010882156299 0.46790352149533043
2.0848348269577737 1.6758708481391729 -1.2691331081751875
1.8299353201741235 0.6846982444526942 -1.7732195721541542
2.659638767569631 0.0712654516006011 -2.1426465424401515
4.037661962391041 0.47183156825434946 -2.341582443597118
4.256149482703522 -0.7125047188290086 -2.907827245919672
3.8714720761435757 -1.6725776046564826 -3.011634027640415
3.432201319519362 -2.6142957014208603 -2.933951140475546
4.187030998395886 -2.7368407902900156 -3.2546713121177673
5.349682632923096 -2.9255688503201256 -3.7661058438972312
6.074789414729945 -3.043234394126213 -4.110319349227183
5.95596944962026 -1.9595062902306788 -3.7983600842175926
5.904871447170706 -0.9901831861435817 -3.419338406506912
7.241924211189574 -1.6512150233915155 -3.8617583785630147
8.195936820101679 -1.564588874170703 -3.6065787836795407
9.149270484448543 -1.4990269821509083 -2.8147641877880756
3.5794340147011474 -3.6514090424035297 -2.9868805099529263
3.6260458728735503 -4.659081819895114 -2.9018527441930937
3.2125539222833193 -5.618637049317614 -2.5650295193480415
4.502992928150484 -5.930625305789899 -3.0109905691056937
4.798590794076381 -4.862644164745693 -3.4304513801035394
2.9617651227777464 -6.640418255919021 -2.1173380978357192
5.7480848450375825 -6.030134186935676 -3.7366703019717336
5.657243335669765 -5.133038720155637 -3.8974859814575304
7.083698883578177 -5.233347328542704 -4.588063909283029
6.520291669322812 -6.155354024487308 -4.162536035964109
5.441398233479991 -3.9535577196710694 -3.8698267582108636
6.805259896499955 -7.201504124969291 -3.7954873270805987
5.296116276068211 -7.02731400839517 -2.966838864645491
6.520150151754605 -0.11300982650087388 -2.885919213106746
9.103889271868027 -2.4575187483899756 -3.779369620960435
8.090145728502568 -2.358429376833 -4.164003371318209
7.48093490039252 -3.271801589958772 -4.519267760723059
7.507762913340937 -4.182574411103955 -4.690984043778808
8.793823110834424 -4.001201312163697 -4.654779759435467
9.605758663319993 -4.6569789545705556 -4.6253377668694355
10.744781503006678 -4.611274681351734 -3.802571968381422
10.322985518359857 -5.936797698018401 -4.579995876357449
11.436342264676622 -5.775222689752585 -3.7267376729987864
10.907175172025697 -6.870200988530472 -4.260038626706775
9.977400799299751 -3.505369871051871 -3.821741579094345
9.981378968922852 -2.5827208885212483 -2.865174242456377
9.436432011851133 -1.2608988709222848 -1.8410938522701965
8.432439688060565 -0.4116233736030359 -2.229249771788057
3.862744965127259 1.5857879558491932 -1.4069659948707602
5.028586432086204 1.1247813445182713 -1.9879279351708092
5.29713394583312 1.7191491244188768 -1.0904978093791824
3.3141522867942763 -7.663015237417806 -1.611906192661581
4.32977136914467 -7.40173505623497 -2.1378177049550517
5.039471930425216 -8.004108288944433 -2.049637304143805
5.967448775533253 -8.911547739648082 -1.7234681371813318
7.244921795335925 -9.361359663096726 -1.9519935892357445
6.733323143594595 -9.849129555832535 -0.9697926992560256
6.355077477387181 -10.43186234710474 0.1042396948426878
7.831784165217902 -10.373907462234596 -0.015098568998828776
7.552345227517471 -10.4102153527499 1.0085959804543676
8.72622887898731 -9.70739366737244 1.1447451482227682
7.763468961948737 -9.602014262365108 2.033875975931033
8.726617493623229 -8.56219080233327 1.9254683966679131
8.952609895478625 -7.091042646561794 1.9131364825091812
2.290714291282829 -7.9859407488143646 -1.1386235073816504
0.9782594714132882 -7.275312289317997 -1.2256685707340926
1.6323510618039119 -6.375370548498812 -1.840002544987999
1.5579778998019969 -5.363626528696511 -2.070156510535234
1.4995933099564367 -4.32686313309736 -2.159215912696288
1.5716369182535888 -3.0720391453228135 -2.2066130196449976
3.455354584568918 -8.574861033877587 -0.9746895016703693
3.067181141727253 -9.578764301924796 -0.1779984556848
4.650650027782893 -8.88587141379743 -1.0919568836443134
9.650665165042478 -9.798025662051202 0.21329940250857127
9.784918469325614 -8.346589312186964 1.0645642000333093
6.604029378062678 -8.195711571927763 -2.8631150316257306
1.2615892978708225 -8.343096951018598 -0.6628473332390326
0.3058242282661609 -8.304815116580828 -0.3965431335863121
-0.4527432896386022 -7.758886038156248 -0.42732560405724734
-1.5942112541061007 -8.096692976156787 0.37078875807773404
-1.418341227875113 -6.936511263842855 -0.4107470820363525
-2.3511355889495156 -7.424343038842284 0.46540606283770647
-3.357004726739771 -7.489963045412907 1.5628698856695848
-3.641482260425285 -7.703273876921093 2.3410580572415345
-4.3192339316794515 -6.487104342231096 2.212625763989008
-3.9881407557522253 -6.232154245440005 1.3805703162923808
-4.752859444752112 -6.350618900613601 3.2260620989567994
-3.598116915184704 -8.056725317767038 3.2830467123197633
-3.649169443487659 -7.620865304515428 4.30950219366086
-3.4978672075115087 -6.813082747961899 5.357827923797473
-2.840008634254367 -7.822438594953994 5.282543780307954
-1.3633881019825187 -7.925368384806321 6.082813605242119
-1.829748066115158 -6.705963812074058 6.252290810478835
-4.2947332965736775 -6.459061379961244 4.801356268781955
-2.0361452832952267 -8.909031565427487 5.289551633212431
-4.9516293340291195 -6.104174429724863 4.154824407822838
-5.206068375868566 -5.322694034669471 5.1319468590595765
-5.948757634602603 -4.190183931699737 5.084572447796017
-6.012730757851117 -4.687358019735832 4.103257054984763
-5.778185451285972 -4.976886037670148 3.176208643966067
-5.086801253603533 -5.3497027190092625 2.184947943687729
-4.2625972833935 -5.419040382565217 1.1341039196762581
-0.7382667984440813 -9.73928297147423 5.256657919619975
-3.2024337875898454 -6.116106960762667 0.464515982171801
-1.1682632915318432 -10.406044072060688 3.86557181648798
-4.96132382568067 -4.434968499272181 1.2024504946417507
-3.9882945786237594 -4.585815096832687 0.34449898489118136
-4.730217260253837 -3.424742647163923 0.3217124019088683
-5.6925474829148754 -3.2770472378685764 1.1878408854574913
-5.944643189510291 -4.1713597521195265 2.415458535529492
-5.462967743518345 -2.2658669325154275 0.30411575451318473
-4.308679845716373 -2.239519004293315 -0.4782369647460441
-3.0148164968272337 -2.579678390770542 -0.9645367065389195
-3.3128035899126136 -1.5177659825719032 -1.0641797230392864
-3.368540158161604 -3.4781720200455752 -0.5490549437220829
-4.7223997652135505 -1.2888074344992437 -0.5410015581800954
-4.839371038999653 -0.3240212623249449 -0.6881628981479024
-5.967336363960729 -0.07326175197879492 -0.1701234201634395
-5.499770628437718 1.1747882041980562 -0.6454665195535363
-6.155217468302983 -1.064515402088166 0.3199300127844199
-6.828760168331111 0.9548151437586214 0.22830156958617165
-6.198181850901694 1.9911437796944782 -0.43014311462671795
-6.256712545304546 3.2390824736862776 -0.5959448410373926
-6.9384129150281195 0.08365667261430115 0.7325783667802246
-7.113961833335201 -0.8203328031911141 1.56471658584498
-2.8602316826578664 -4.594726716513612 -0.4406161223515124
-1.9522666211616289 -4.779420671239072 -0.8500806260926832
-1.5421893446308 -3.547822507775747 -1.2785997899346522
-2.1599993202884407 -5.791085449327642 -0.43739759797849725
-1.1849819255046212 -5.91759608424954 -0.9007701223318861
-0.0010059984993053273 -6.10165629854116 -1.3528729338137735
0.012860867277099675 -4.591937661140482 -1.6313102889523756
-0.8883103444775953 -4.59128832868744 -1.3214869924865669
-7.40152676463786 3.1078898878912353 0.2142822218318191
-7.035511898432314 4.153647143126864 -0.18958122489563692
-7.53496928478702 2.2073263204770157 0.7002772829635284
-7.733069063953857 1.2865245042416626 1.5053111016890064
-6.391469739143169 -2.0851266353782894 1.210050424127666
-7.073272009053082 -1.5915952388941035 2.1662119546778436
-6.520485681983235 -2.988907241621379 2.2813580395827047
-7.297043114327847 -1.4082133247033712 3.0942680246719223
-7.086604914782204 -1.923541182761063 4.0440532098789035
-7.1970709235662556 -0.9683658300709808 4.338849827184291
-6.697002415007811 -3.113776632150336 3.767741855767897
-6.553862000655517 -2.3852673655411802 5.068947100468611
-7.533994143835308 0.1758126220174877 4.014387699768831
-7.781258365032129 1.3494112926491353 3.5148675872963104
-7.066339605883249 0.4343770680992703 4.948441303157987
-5.794655157705659 -0.11061883281271778 5.982086038034717
-5.665652063512794 0.8815136012368543 6.0075161187569215
-5.466077773517605 1.8622204637773485 5.981911673051217
-6.817852418256432 2.286571636633278 5.051021660071157
-5.875331438323794 -1.1105445965949543 5.901108793186957
-5.626610483014211 -2.1777812881679055 5.985843383740686
-5.767790966150706 -3.1541577127938027 5.696586530316095
-4.688837848900895 -3.3307646625944742 6.2004837007785
-4.8907547762375785 -4.190523562669829 5.9839442641852365
-4.17070899280136 -4.932574986602225 6.035491269109134
-3.1454470464243474 -5.632436091105776 6.168658348360314
-2.8207657025862867 -4.3111190669788595 6.483436085814697
-2.910899174227445 -8.77877277720952 4.367997740932694
-5.8141192235128605 12.239587257185624 0.26107948691585314
4.806277824722013 24.742483109372145 -5.131439412618851
-7.60723741028246 5.259395226889527 0.2312386747133096
-8.047564928889802 4.967184300710517 1.1209028030194397
-8.163084837291507 4.30713708599202 2.24568197204606
-8.122572329720725 3.3149037707319917 1.6275650763568859
0.07371121669224495 3.972962628785173 0.5017137293133443
-2.8427963175115383 -8.796518709171703 2.2188838326591176
-2.855563119174653 -9.234679267040868 3.320116988057227
-2.036499287507498 -9.857939169795157 3.3834632485816893
-2.1203654394654543 -8.81120392592446 1.3796337390752753
-0.6423925873570442 19.346906567596946 0.43862237424117834
7.801676302845795 -7.894391328439495 2.7810266709470097
6.874270926455447 -9.263315648842738 2.9698902815759296
6.587195470074924 -10.245779366030622 2.340234022007044
5.272148018724235 -10.883845520839692 2.728235960334973
4.467369295407115 -11.25310895961611 2.227580839738889
4.426253890334068 -10.850213112406026 3.567531296390756
3.469711669195352 -11.185777710909148 3.5932518412810146
3.21873270967341 -10.751645363760998 4.4827879435449525
5.4937216720154884 -11.036329440372809 1.6039038401694121
4.547809871705637 -9.750548585328808 4.505952338660073
4.854572584505804 -8.936688236682006 4.67385004740259
5.511058115054813 -9.935427457847876 3.6016004595832354
5.117481746293347 -7.966471579371758 4.760179491735931
5.865509330165747 -9.100187051151078 3.8271128872969915
6.383027475896844 -8.171271654386496 3.7825571689014406
6.856872938352545 -7.235067540036494 3.6239709299357954
6.700478795131611 -6.196614214403641 3.7791974996532764
6.516586175394059 -5.153540055984006 3.841591701725514
6.500797436534927 -4.167454324061573 3.671744109548768
6.454944266449147 -3.116537606142497 3.465083353602512
6.953198603856198 -2.050291838722434 2.8007870483494575
6.898628226351232 -1.1612117760990872 2.6321096278610256
3.968819686705376 -7.886877447795186 5.503127881639088
2.390532813674511 -7.524237283095159 6.23964869966516
5.544597080272072 -7.022670138378355 4.614247160403853
3.638471202805717 -9.752354028514327 5.124736170705015
2.7366836448264635 -9.9444423261542 5.353054311306309
1.756327998488262 -9.446673263208964 5.845254704155025
1.9764347874834827 -8.250425278447372 6.174341452394817
1.391066825262574 -10.426121214277012 5.088116751480351
6.282352844587519 -0.039227301254228686 2.7183041560928003
7.357537038299905 -0.09681836700861857 1.9051696576367805
5.162032780112933 -0.03826891822464551 3.5156853946027273
5.568752823166381 -0.9458492819105568 3.5578479901863784
4.370883941700845 0.2620101535526132 3.9387095386959357
3.4337474533866774 0.4264115720418574 4.474566597880488
3.2414874030113396 -0.5686389239520271 4.958394783687181
2.3770060410288005 -0.13869147777916113 5.28792897496518
4.141582487662183 -0.7607530050768117 4.480229452005794
1.3531399308088645 -0.26217054079875723 5.8282183901057145
1.6423409962508926 0.8508848361270824 5.377509050898425
1.522107721864103 1.7375881189572941 5.223350693082976
1.8778084846582876 2.693414628147488 4.81990638300546
0.2908609593962492 1.9375373489844119 5.707243026480596
2.100795648642824 3.746616090432581 4.424434844450946
1.337574186501469 -1.332451749904072 6.149378542307419
1.3778430872084424 -2.2941003621040834 6.383663156797237
0.9987552493973508 3.1288392962590232 5.242925618638122
1.5514297415870073 4.773395877448942 4.556347154461715
1.426101399335897 5.774088509937319 4.337818069697084
0.5093228322224963 5.956078384323273 4.7970915470800986
0.22314300369685774 4.880231898127817 5.218518552925625
-0.002255924932318243 4.012101684066304 5.440848826805119
4.6281337886403335 -1.9130009046493508 4.594908553402433
4.9548332995922895 -2.873892702250882 4.700215171569814
3.8650132900600607 -2.6515509733240368 5.465587840323407
4.455707774787655 -3.8067326455155897 5.363706472507058
4.409197191830746 -5.016749381160462 5.526154296300827
0.2725786526358525 -0.4236952426291687 6.238734765279354
-0.5938758146796594 5.80118820080484 5.234924031251703
0.46917172077249275 6.991628438356068 4.430944787928794
5.501042549412741 -4.081613084055091 4.545154188359092
5.503363505777394 -4.9896675704635784 4.687593341192743
5.115926606103841 -5.940195775455601 5.00702049758366
2.7609876102261013 1.670700084760121 4.489746175112019
3.645852649577742 -3.6755363037057043 5.896135993502034
2.4431669499853803 -3.5184294861782837 6.378033179379312
2.948657564014902 -4.575701071748794 6.297215736124311
2.876737305456815 -2.537128493991846 5.990879858048746
2.470456332022209 -5.511115074698611 6.402252051059051
2.6231272701787502 -6.549037081732732 6.297447277953701
3.1258430415472636 -1.5029443448919315 5.437864910024446
4.212567863166998 1.205576943337916 3.5877599412023318
5.734843313422319 -3.000079001470981 4.070448857711241
5.902543850830308 -2.0296702652685297 3.639059833713142
2.7647788023914117 2.819134512483629 3.994516744453517
-1.5113991011100414 6.769912492253278 5.134581722155735
4.719091034126652 1.9371202399140255 2.16845953420967
5.518368821761526 1.2120341460613226 2.42112487555258
3.7651836161091135 2.3355312045341954 3.029777077610789
0.8722759938423628 7.924796071336749 3.80784955245267
-0.07676265028187745 8.076687016565145 4.281549938923325
0.7909281763969094 8.924756468165471 3.4762762630610093
-1.2562065445076926 8.975747009480543 4.235290795368682
6.550381457314977 0.9687210437403975 1.83452632957587
4.590360115643704 -10.915708086325461 0.8215870042996156
2.405765526977675 4.913603387921503 3.623853402031171
-1.0519582680487913 -1.2221728425514469 6.541293325435234
-1.9979166104213848 5.350403553586397 5.544626465496394
7.9930127063564385 -2.3518344859893783 2.003900065308658
7.97638823742275 -1.3808815762093767 1.8348422264149198
7.466711527417156 -3.280163781249483 2.613003665201156
7.493345013286406 -4.271717707424502 2.7953502800157892
7.517195537937944 -5.3153442956992105 2.9872591843947593
7.989203109305871 -6.405080651177657 2.7271946589209777
8.299841207340808 -0.264232570652982 1.0237472648487038
6.6340041496649045 1.5529012811454408 0.373415045656149
7.518928143320906 0.8224738998471952 0.9701618527751317
-6.5091404342451495 5.081686822783266 -0.61293163422661
-5.430650756284134 5.919675270457164 -0.9931078075063671
-6.675530565623519 6.459664741831068 -0.5670533808206779
4.77812812969519 -9.983714807177446 -0.21939247501209888
0.3253714473247759 10.085267961088128 3.366207297066608
0.4606322039049476 11.032617445794074 3.0452657454536385
-0.6507906575770871 10.199686650410149 3.6324162842221788
-0.9547787004617043 11.258297951060205 3.2874605912220853
-1.1863527901763076 12.5676915143144 2.9474689484272436
-0.6503522838982261 0.07560193845294266 -1.674277896185418
8.474600709947229 -4.3926531889297165 1.911099623734556
8.72966505724111 -3.48431713819005 1.4856421184003459
8.943010297304891 -2.505347716071037 1.1214619307416915
8.92050789829242 -1.5694496868838859 0.9029134521510376
9.46715371058731 -1.5759571328426687 0.038488974886795424
9.778406574127487 -2.620901165873772 0.07024884944150434
9.961474633779934 -2.1010397380644057 -0.8765220386280932
8.741344512309437 -5.513227734835957 1.8963684615477647
9.814101780820401 -3.65935445521154 0.3445174123460396
10.658744580088387 -3.779423626106701 -1.0575163406821437
10.35435361457683 -4.785727903215781 0.07569066750123105
10.188632094924415 -5.747109777861299 0.5587435439704249
9.960656924379984 -6.856239913800109 0.9965908960380092
11.216367368531522 -5.071782261148831 -1.0651351830445253
11.308506885672136 -5.927872312387188 -0.6161912952970662
10.92901818831765 -7.007526392031683 0.10010714021231915
11.699201795359667 -7.004502452459754 -0.7784451328620903
12.059567072832449 -6.8948062106608345 -1.5534657185616951
11.853625088933539 -8.042307379936432 -1.1521603724723137
11.33095042407795 -8.970867870773324 -0.7833745411055872
11.918946073505472 -6.0257221533805065 -1.7127992019587674
12.102323914305371 -6.658606932231136 -2.794304607271083
10.737973800864742 -8.47340915020008 0.15397466153412043
10.523934948853988 -9.843125192221718 -0.9094372499679559
10.606206805758857 -9.779322951927037 -2.007328679967209
9.04928337007171 -10.196631325409603 -0.8717214417904434
9.441889633327985 -9.650950248762287 -2.426764762747119
8.702238292963768 -9.733161957466878 -2.1152402833762527
9.081533385717053 -0.6051055065194406 -0.4518177200598497
8.224158196045106 0.5289382001381582 -0.024266630787132926
7.9675089863443205 0.6768300741769274 -0.9740337747267741
7.525283257995234 0.6462204004764055 -1.7107752133394436
6.245912110844846 0.9826833708538881 -1.9896907401192625
6.6732437513307445 1.428024561487527 -1.031778781285026
7.537593968988281 1.1521670093917384 -0.05608399923938656
11.655678297882508 -8.994842820897603 -2.0489810114121787
12.136318358811769 -8.086167084640143 -2.6312192407581088
11.502370080498407 -7.981333911605718 -3.639305197313433
10.820790790091234 -8.76855883331928 -3.526380845683096
9.432652444910707 -4.560642312700736 1.0109046194243156
10.31940768839482 -2.711677350936142 -1.7967492327216845
3.8957077228192274 18.848395864365365 -0.21006815425649536
-1.4010645188293551 15.05174047161135 2.6155673409654017
-1.1262623854098341 16.35310713058671 2.3181369684185027
10.727447208640225 -3.7267864753147713 -2.838479757186698
0.919639077645644 -6.609567505589358 6.591630815293964
-2.0419901583922337 10.426356487095982 3.681691096900725
0.6742310738252291 11.300505444217658 -1.364728788561158
-0.18089925719873934 11.651130325080873 -1.8665806960054716
1.2955446316262709 -9.387211445843866 0.12655516181867565
-0.3965692373946462 -9.126248426603901 0.5702925030073849
0.11094675914962127 -10.199844534359242 1.4449102855788698
-1.0241705595273811 -10.014868774039442 1.9720535240697417
0.07806514443304452 -10.80735077280965 2.82476998637655
1.1382388816089635 -4.2811636146848455 6.652679012629566
0.36449559890950284 -9.219923081449164 5.909760160937617
0.06139049525736234 -8.059178037914092 6.310712339883924
0.35677699425931814 -10.564422909532551 4.6590732474312855
-0.8353277258659948 18.188808955508286 1.3366447810580036
-4.983100483680924 3.0345532694518242 5.896207883015858
-3.838531379333574 2.9551007060299654 6.11043443645684
-3.089775499454715 3.1606597878093843 6.058420210952301
-1.9304160900306253 2.378372799606633 6.130175362951979
-1.1975178046453845 1.6690344484999533 6.144179666348817
-0.23711111143144054 0.9135487024064657 6.070234808242091
-3.5785501070600976 5.617808339922771 -0.9906553210857325
0.14260698960248158 2.9883474552716853 -0.29617541106337775
-4.548713451772072 -1.3274965462597532 6.391332149527814
3.2050715485059085 -11.274790700460667 2.0188542986592095
2.2155861721785257 -11.27919601402526 2.9160822675225613
1.107567613366673 -11.121639676591355 3.4947562545367696
0.10224976351969745 1.9004753833058246 -1.1957763935826322
0.4338629887902981 0.9119866760149647 -1.6066805895359886
5.7382016385720815 1.8795371573535522 0.3344675210935538
9.539062815622998 -8.6712961773913 -3.6712860811108943
10.14578049183923 -7.324953796421055 -4.477114497243727
9.242159333068908 -7.06772930673189 -4.5985510677640296
8.216487106360264 -7.444826026237559 -4.280834926371134
8.103178062989192 -6.44618385026594 -4.650038199885879
8.31802587077373 -5.496058421866943 -4.787136022646852
8.003550741734756 -8.50168478140749 -3.32319128153777
1.2449083018842717 -10.766489029275842 1.6219456459890487
1.8187079491482208 -10.373270723032638 0.812540948041234
3.1228668249432308 -10.683675684364587 0.7517886707208947
1.2115346309626989 -0.22750733648417631 -1.9073308927779593
-1.4493644427362549 0.19372146429881004 6.410601737093419
-4.203476080506598 4.706431129137134 -0.9677363430645181
-3.4391472512544334 3.568630956715827 -0.9472932161741261
-4.526044911985432 2.7325867422802106 -0.9503391285520915
-5.278690381319608 13.999269307505244 -0.18726603528386415
-4.800288803565882 6.830362395905636 -1.1468430714884073
-4.247009593853568 -2.3898807893909404 6.401531599937758
-2.703168270291451 -1.6285312749144425 6.551541297638838
-1.9398630231777079 -2.7662015058864187 6.596616824144894
-1.176083268062828 -3.9039319745814582 6.630273364068348
-0.4514582806584224 -5.288541055392949 6.638036793692079
-3.4656764153740602 -0.4909622342517759 6.487283592167056
0.3739976135935115 -3.14337455796552 6.630128733520895
-3.765834105432704 0.571225726348603 6.439875770130323
-3.1384642642400373 1.4822926936227603 6.358145364406639
-5.759916631522125 3.9466810582365826 -0.8145469189449301
4.342373867215403 17.498001258765086 -0.7442481400411871
-0.34509333182263546 -0.9872336158822423 -1.7496314235596004
-8.07988886583566 2.293335211772097 2.573049864431435
-8.079937480784155 3.305844570044269 3.0368676809411728
-7.54319312862046 3.2168686548335064 4.035238846433137
-3.796321900959748 1.3473304788409572 -1.0652591166782865
-1.6453695837126543 -1.9915680376033547 -1.4666207486479235
-0.6731108885664276 -2.9603862993268453 -1.6011111920616867
0.8929169328239814 -2.201853310828264 -1.985017298539065
-1.3408598800496445 14.036700741079677 -2.7058455265831776
-2.629754939421065 4.439903850784886 5.733890573898526
-7.726363597329541 0.4174648255811926 2.4412489808962268
2.0013964522225858 -1.6221673961347038 -2.2879542742084764
-6.074461045265611 11.08949971028192 -0.2675848866374221
-6.263711388814665 9.601137634104473 -0.6596320850718977
-5.255496490613789 9.94324668126115 -1.5347339604174761
-0.9410995669637581 3.151389043267341 5.79704256749411
-4.474793644122801 4.74087428335211 5.561493113833599
11.431022354636983 -4.894979088392801 -2.3386377876737683
98 97 104
287 307 278
272 288 273
288 302 273
100 121 99
391 390 375
378 391 375
217 215 216
136 40 52
40 136 135
200 206 239
27 25 26
229 223 222
405 596 595
391 648 639
648 401 639
44 10 21
10 6 7
8 10 7
1 3 4
3 1 2
538 544 541
427 183 119
119 183 192
458 506 460
340 355 356
355 340 339
462 463 466
339 337 338
369 367 382
165 167 166
534 214 533
49 26 29
29 26 25
166 184 164
163 166 164
289 300 299
289 293 290
257 652 256
613 614 612
16 1 4
262 260 303
262 303 263
622 623 624
390 421 388
641 406 236
426 586 588
215 578 216
469 470 475
460 461 458
245 416 244
220 245 244
266 649 265
372 373 371
642 624 623
156 642 623
352 409 399
398 352 399
229 224 223
410 627 408
627 603 408
331 320 319
501 502 482
601 154 623
622 601 623
216 579 237
629 628 627
59 62 52
367 369 366
446 447 501
560 561 562
561 560 559
368 371 159
533 532 531
527 626 601
647 654 597
393 394 395
339 341 355
168 169 170
122 203 117
624 642 373
92 249 93
386 324 323
324 386 644
154 156 623
255 160 149
145 143 150
0 44 2
44 0 10
55 59 52
138 100 137
233 232 234
600 471 599
471 653 599
124 127 125
583 94 95
652 651 650
131 652 650
139 144 100
415 424 425
154 155 156
212 245 220
178 534 176
504 516 487
365 366 362
472 167 514
514 167 165
358 361 380
358 380 383
30 31 53
31 54 53
416 650 244
135 136 637
217 216 237
363 360 364
453 454 435
246 504 511
237 594 250
511 504 509
647 653 516
653 480 516
545 546 549
403 634 404
208 210 213
375 390 376
170 171 508
584 94 583
157 155 607
155 157 156
634 635 405
635 596 405
624 377 636
270 268 267
265 270 267
565 566 570
392 363 394
394 363 364
112 113 193
49 30 53
183 64 192
133 131 650
41 23 15
23 22 15
636 526 527
636 527 622
94 107 92
646 128 127
646 127 124
185 186 260
37 39 36
179 180 579
466 460 462
597 598 653
105 110 193
325 319 306
34 35 83
82 34 83
262 263 264
498 450 491
485 498 491
167 189 166
247 238 223
247 223 224
535 620 638
114 113 112
401 648 400
402 401 400
3 2 43
42 3 43
478 487 479
566 565 564
542 541 545
542 545 576
247 248 504
31 32 417
594 579 181
140 162 163
155 602 607
129 131 132
131 129 130
109 91 106
106 91 107
8 12 9
222 218 220
242 222 220
409 408 399
475 472 476
475 476 480
100 144 121
396 398 399
278 276 279
188 505 609
505 188 189
558 548 329
531 173 174
20 19 18
19 20 21
139 142 144
476 479 480
460 500 462
414 410 412
487 478 488
636 622 624
188 187 186
279 282 281
181 68 182
182 68 65
516 480 487
487 480 479
202 125 205
125 202 199
32 24 48
48 24 41
530 173 531
28 38 5
12 8 13
532 530 531
260 186 303
427 118 250
118 427 119
234 420 640
233 234 640
496 473 474
422 154 141
449 448 518
419 420 251
309 310 311
110 105 109
633 630 631
590 633 631
341 342 343
552 553 556
228 225 224
511 532 582
493 496 494
173 194 174
394 364 398
350 348 351
351 348 412
379 392 393
464 465 499
387 381 382
198 73 197
28 26 50
36 33 4
104 97 96
307 306 280
380 361 369
369 361 362
384 385 335
306 319 280
532 511 510
290 291 272
291 269 272
315 328 329
592 591 456
269 270 272
183 182 65
241 240 230
240 241 259
255 149 147
576 580 300
567 288 568
381 380 382
380 369 382
621 634 632
620 649 645
196 71 70
208 204 625
423 425 424
392 379 374
455 454 456
292 291 293
5 38 37
5 37 36
422 141 163
451 456 450
248 654 647
322 386 323
151 153 601
327 308 309
241 222 242
222 241 230
521 536 520
528 258 257
527 601 622
240 252 251
601 153 154
370 372 371
376 390 388
377 376 388
146 253 147
253 254 147
635 599 598
236 406 595
406 405 595
392 374 365
366 368 367
368 366 370
361 356 360
603 634 403
597 654 596
378 374 379
107 91 92
456 454 450
454 453 450
39 135 126
239 217 237
510 173 530
531 175 534
388 419 389
419 418 389
110 109 106
567 569 566
526 528 527
421 419 388
163 141 140
636 389 526
389 636 377
388 389 377
397 407 402
407 403 402
516 504 248
320 331 332
128 205 127
205 128 132
258 651 257
651 652 257
158 642 156
157 158 156
368 370 371
365 370 366
411 352 351
37 38 40
392 365 363
399 407 397
403 404 402
535 157 608
608 157 607
272 270 271
621 635 634
152 150 151
111 123 122
255 147 254
158 159 371
642 158 371
335 383 384
382 643 644
644 643 638
371 373 642
360 356 355
129 161 160
349 357 346
367 643 382
643 367 368
620 535 608
461 481 502
275 276 323
644 386 387
644 387 382
465 468 467
414 412 413
412 348 413
368 159 643
249 103 75
159 158 535
159 535 638
643 159 638
361 360 362
374 370 365
439 433 431
430 439 431
628 629 515
515 629 633
270 269 268
496 474 494
381 383 380
384 383 381
141 153 143
408 407 399
336 358 383
396 399 397
412 411 351
524 609 512
336 426 337
337 423 338
384 381 387
195 175 174
336 337 358
336 383 335
336 334 426
334 336 335
436 431 432
436 432 513
293 615 292
292 615 283
498 451 450
350 354 341
354 355 341
359 357 349
425 359 349
349 346 345
415 349 345
341 339 338
337 426 423
18 25 20
25 27 20
408 603 407
641 236 233
415 342 424
503 470 492
470 503 472
227 225 228
155 422 602
422 155 154
628 621 632
600 468 471
172 137 194
475 480 653
467 468 600
141 154 153
353 352 398
353 398 364
350 341 348
627 414 629
414 627 410
359 589 593
589 606 593
362 363 365
358 356 361
180 179 70
369 362 366
342 341 338
654 236 595
356 358 340
528 626 527
228 230 231
340 337 339
596 654 595
635 597 596
108 107 94
418 252 528
231 251 232
389 418 526
418 528 526
362 360 363
228 231 232
419 251 252
418 419 252
148 120 121
240 251 231
419 421 420
603 627 628
624 376 377
376 624 373
229 228 224
410 411 412
373 375 376
375 373 372
352 353 351
393 395 379
378 375 372
372 374 378
364 360 355
409 410 408
370 374 372
337 340 358
392 394 393
394 398 395
421 390 639
639 390 391
355 354 364
510 508 171
407 603 403
344 348 343
345 344 343
345 346 347
414 630 629
359 593 357
398 396 395
364 354 353
344 413 348
397 400 395
397 395 396
402 404 406
478 477 488
353 354 350
342 423 424
338 423 342
230 240 231
332 585 586
341 343 348
590 495 494
406 404 405
351 353 350
415 425 349
342 415 343
631 581 590
343 415 345
344 345 347
344 347 413
405 404 634
410 409 411
411 409 352
446 501 489
497 581 498
357 593 591
599 635 621
628 632 603
397 402 400
647 597 653
654 248 226
248 225 226
504 487 488
252 259 528
259 258 528
648 395 400
437 435 433
433 435 434
322 323 277
346 357 591
498 581 451
170 169 171
641 401 406
401 641 639
124 125 123
125 199 123
416 133 650
41 15 14
7 41 14
634 603 632
395 648 379
179 177 70
240 259 252
653 598 599
621 600 599
136 63 577
486 600 621
168 162 169
128 161 129
89 85 84
126 89 84
628 515 621
582 246 511
640 641 233
75 73 249
73 198 249
162 168 165
65 66 64
179 578 178
69 180 70
598 597 635
469 492 470
629 630 633
486 621 515
647 516 248
594 182 427
427 182 183
535 158 157
467 600 486
227 235 226
97 95 96
555 560 571
555 571 554
531 534 533
62 192 63
192 64 63
654 235 236
201 203 122
201 122 199
534 175 176
251 420 234
251 234 232
402 406 401
578 579 216
654 226 235
215 213 578
578 213 219
474 590 494
226 225 227
206 208 207
239 237 250
229 230 228
420 421 640
640 421 639
261 262 620
168 514 165
514 476 472
477 478 476
167 507 189
177 178 176
201 200 239
320 332 333
511 509 510
208 209 210
151 150 143
153 151 143
241 243 259
230 229 222
162 138 169
233 235 227
236 235 233
232 227 228
378 379 648
648 391 378
641 640 639
233 227 232
202 204 206
202 206 200
212 218 214
186 187 303
214 219 211
214 211 212
191 119 192
77 76 79
542 576 301
223 221 222
243 242 244
242 243 241
142 140 141
140 142 139
255 254 652
255 652 131
220 244 242
209 625 245
650 243 244
238 214 218
214 238 582
650 651 243
243 651 259
219 213 210
205 625 204
217 207 215
201 239 250
238 246 582
217 239 206
626 528 257
194 173 172
218 221 238
258 259 651
141 143 142
148 583 120
608 607 260
608 260 261
160 584 149
533 214 582
209 245 210
93 94 92
169 138 137
171 169 137
509 488 508
175 195 176
212 211 245
257 256 626
582 532 533
576 300 301
174 175 531
509 508 510
104 197 195
145 147 148
126 83 35
194 104 174
104 195 174
247 246 238
246 247 504
504 488 509
578 219 178
219 534 178
584 160 161
112 111 122
144 148 121
510 530 532
47 48 6
225 247 224
222 221 218
80 113 115
178 177 179
208 206 204
225 248 247
134 80 115
80 134 78
534 219 214
195 197 196
219 210 211
303 304 263
212 220 218
133 132 131
256 652 254
210 245 211
133 625 132
295 580 655
135 89 126
148 144 145
208 625 209
203 201 250
223 238 221
503 492 507
451 581 456
215 207 213
207 208 213
117 114 122
164 602 422
118 203 250
179 579 578
569 524 570
265 649 262
502 448 449
187 188 609
427 250 594
237 579 594
417 46 81
417 81 31
625 416 245
183 65 64
164 422 163
472 503 167
506 609 505
304 305 568
609 506 512
165 166 163
162 165 163
500 507 492
103 102 74
75 103 74
471 475 653
48 41 6
6 41 7
72 71 73
76 77 61
57 76 61
195 196 176
58 79 76
57 58 76
114 117 115
30 49 29
32 30 29
207 217 206
191 62 60
191 60 61
54 58 57
111 124 123
62 191 192
82 78 77
78 82 83
256 254 253
60 56 57
56 54 57
199 122 123
118 119 116
116 119 190
145 150 146
133 416 625
47 417 48
417 32 48
117 118 116
127 205 125
190 115 116
115 190 134
253 152 256
202 200 199
205 204 202
81 79 58
203 118 117
110 112 193
59 60 62
507 505 189
23 41 24
182 594 181
114 112 122
541 544 545
3 5 4
200 201 199
78 84 80
78 83 84
115 117 116
101 87 86
89 101 86
110 111 112
268 269 285
80 84 113
113 84 85
79 81 82
99 98 194
90 92 91
288 271 264
584 148 149
87 105 86
149 148 147
102 103 88
130 255 131
128 646 161
477 170 488
107 108 646
128 129 132
626 152 601
46 417 47
45 46 47
146 147 145
150 152 146
105 193 86
583 148 584
130 129 160
261 260 262
255 130 160
626 256 152
151 601 152
253 146 152
625 205 132
0 6 10
142 143 144
144 143 145
579 180 181
124 111 106
161 108 584
180 69 68
180 68 181
584 108 94
35 34 36
36 34 33
198 93 249
646 108 161
289 290 273
70 71 69
95 120 583
198 197 96
198 96 93
510 172 173
523 565 525
565 570 525
171 137 172
102 88 87
55 52 51
85 86 193
90 88 103
106 646 124
646 106 107
111 110 106
22 17 15
58 54 31
90 109 88
91 109 90
32 29 24
88 109 87
109 105 87
45 16 34
61 77 134
134 77 78
190 61 134
31 30 32
113 85 193
60 57 61
114 115 113
8 7 14
13 8 14
190 191 61
31 81 58
191 190 119
79 82 77
24 29 23
11 10 9
52 63 136
55 51 53
53 51 50
52 62 63
493 483 496
59 56 60
28 50 38
38 50 51
285 282 279
49 53 50
34 46 45
34 16 33
289 299 293
293 299 294
448 519 517
477 168 170
50 26 49
265 262 264
500 463 462
39 35 36
83 126 84
9 12 11
45 1 16
1 45 47
26 28 27
86 85 89
265 264 271
265 271 270
166 189 186
189 188 186
17 19 12
17 12 13
564 542 301
523 518 539
271 288 272
35 39 126
51 52 40
82 81 34
81 46 34
135 101 89
75 72 73
99 194 137
102 87 101
14 15 17
66 577 64
64 577 63
104 96 197
298 296 297
261 620 608
521 445 444
521 444 522
55 56 59
40 135 39
37 40 39
74 102 637
54 56 55
568 569 567
54 55 53
40 38 51
92 90 249
66 637 577
523 459 518
510 171 172
138 140 139
450 440 452
458 461 449
263 304 264
319 320 321
324 649 266
649 324 645
335 333 334
262 649 620
465 473 499
460 466 461
489 445 446
445 521 446
543 522 318
548 543 318
631 347 581
568 288 304
304 288 264
301 300 274
295 297 296
612 614 615
296 612 615
491 490 485
466 481 461
120 95 97
47 0 1
585 331 326
331 319 326
319 325 326
295 655 297
276 275 279
541 540 538
295 299 580
299 300 580
47 6 0
28 5 42
42 5 3
547 550 546
575 547 546
302 567 566
43 2 44
273 274 289
488 170 508
274 273 302
518 459 449
289 274 300
301 274 302
523 564 565
290 272 273
302 288 567
547 543 548
561 559 328
559 558 328
21 43 44
43 21 20
33 16 4
518 448 517
14 17 13
540 542 564
590 497 495
12 19 11
2 1 0
545 549 655
545 655 580
557 573 298
27 28 42
20 27 42
5 36 4
10 8 9
295 296 294
576 545 580
269 292 285
292 283 285
21 10 11
572 574 573
572 573 557
553 572 557
550 551 552
549 556 655
311 313 312
313 314 312
23 25 22
25 23 29
473 496 499
429 442 441
17 22 18
21 11 19
20 42 43
304 303 305
18 19 17
18 22 25
284 281 282
137 100 99
570 566 569
637 102 101
564 523 539
461 502 449
465 467 473
423 588 425
74 72 75
101 135 637
577 637 136
529 326 327
326 325 327
69 72 67
72 69 71
194 98 104
249 90 103
468 469 471
512 525 524
525 512 459
168 477 514
95 94 96
96 94 93
120 98 121
98 120 97
99 121 98
67 637 66
67 74 637
68 67 65
69 67 68
67 66 65
67 72 74
177 176 196
177 196 70
138 139 100
525 459 523
140 138 162
184 185 164
185 602 164
196 197 73
196 73 71
525 570 524
607 185 260
185 607 602
465 464 463
492 465 463
476 478 479
592 346 591
503 507 167
476 514 477
287 278 281
486 515 473
484 485 490
484 490 489
497 485 495
485 497 498
474 633 590
323 276 277
568 305 569
501 482 489
447 502 501
499 466 464
466 463 464
450 453 438
385 320 333
385 333 335
613 612 610
492 468 465
473 467 486
468 492 469
475 470 472
581 497 590
471 469 475
506 505 500
460 506 500
463 500 492
283 615 614
500 505 507
499 481 466
186 185 184
305 303 187
609 305 187
458 512 506
569 305 609
524 569 609
184 166 186
564 539 540
385 386 322
459 458 449
539 518 517
512 458 459
539 538 540
542 540 541
302 566 564
564 301 302
522 444 443
517 537 538
517 538 539
519 537 517
537 519 536
294 296 615
553 552 554
548 318 329
546 550 549
610 611 574
611 573 574
558 555 554
426 334 586
266 275 324
325 306 327
430 314 316
448 502 447
519 520 536
613 610 616
318 522 428
428 522 443
334 333 586
328 315 313
561 328 313
543 575 536
575 537 536
547 575 543
307 308 327
448 447 519
560 555 559
482 502 481
543 536 521
529 311 312
311 529 309
529 327 309
543 521 522
521 520 446
482 484 489
312 513 529
519 446 520
519 447 446
433 434 432
432 434 604
450 438 440
440 438 441
442 440 441
457 606 435
606 605 435
474 473 515
474 515 633
495 493 494
347 631 413
414 413 631
630 414 631
454 455 457
481 499 483
496 483 499
484 483 493
443 442 428
483 484 482
436 513 312
482 481 483
593 457 591
491 450 452
618 326 619
445 489 490
444 445 490
282 285 283
441 439 429
493 485 484
493 495 485
444 490 491
444 452 443
452 444 491
331 585 332
513 432 604
513 604 619
434 605 604
443 452 442
452 440 442
581 592 456
430 431 436
314 430 436
551 548 558
428 429 316
438 453 437
435 605 434
437 453 435
593 606 457
586 587 588
423 426 588
425 588 359
359 588 589
346 592 347
592 581 347
455 456 591
617 606 589
617 589 587
281 284 286
287 281 286
454 457 435
620 645 638
457 455 591
319 321 280
430 429 439
429 430 316
306 307 327
431 433 432
604 618 619
617 618 604
605 617 604
439 437 433
280 277 278
307 280 278
587 618 617
588 587 589
385 322 321
544 537 575
537 544 538
605 606 617
586 585 587
618 587 585
613 616 286
644 638 645
314 436 312
428 442 429
439 438 437
441 438 439
558 329 328
308 330 309
308 307 287
318 428 317
329 318 317
317 428 316
329 317 315
315 316 314
315 317 316
558 559 555
313 315 314
550 547 551
619 326 529
616 330 286
313 311 561
311 310 561
277 276 278
551 547 548
556 550 552
267 268 285
324 275 323
549 550 556
293 291 290
286 330 287
544 546 545
575 546 544
552 551 554
551 558 554
513 619 529
322 277 321
277 280 321
560 562 574
571 560 574
387 386 385
384 387 385
586 333 332
281 278 279
645 324 644
385 321 320
618 585 326
330 308 287
266 265 267
610 612 611
310 309 330
562 561 563
283 614 284
286 614 613
557 556 553
284 282 283
275 266 267
299 295 294
611 612 296
298 611 296
562 616 610
285 279 275
285 275 267
292 269 291
284 614 286
294 615 293
298 297 557
553 554 572
557 655 556
297 655 557
562 563 616
611 298 573
563 561 310
571 574 572
571 572 554
574 562 610
616 310 330
310 616 563
