643 1282
1.4239115470695693 21.475238594676338 -4.165104071863603
1.5842270915375465 22.55338132601076 -4.06012996115678
1.2437271440153528 20.604461476614706 -3.9561642030609434
0.6580008158024703 21.489053284076924 -3.773406302802222
1.4979912544168137 19.435085754110467 -3.60444906370319
1.4517737109427478 18.527601064730916 -3.2545025823422087
1.394154407453366 17.391819203872732 -2.839873648117991
0.8934736430299279 16.396456927604383 -2.4867443345397255
2.6764546096058783 16.334206775395767 -2.4565505290178145
2.227728568683032 15.308852749357513 -2.1476175635773336
2.177926892053988 14.296786296024788 -1.9379675267720475
1.9961660996449682 13.255995209375916 -1.7216043180324179
2.0773329557925315 12.268176363187976 -1.4378774699830255
1.5593262692104384 11.278221888872594 -1.232887076383237
2.014224503275612 10.175984372774476 -0.9533853732770775
1.4477172744192508 9.263963194926195 -0.979942953187905
1.199373521318162 8.214742762076273 -0.9934655523423281
-0.45447312817501273 8.368551004909312 -1.3097566454619636
0.45159172056525265 7.313271932140371 -1.1250692732753313
0.27219895367350155 6.3193455593405705 -1.1313960156403584
-1.344782868104761 6.072098879449192 -1.3369258577420438
1.5581649528055777 23.50111924735938 -3.1527339682168094
2.82855649325305 23.42730212614651 -4.050417843652002
2.95352702769166 23.948694795221996 -2.6711500318712487
0.5873456046998888 22.617110568893775 -3.206227382186615
0.7120621257966196 23.416744524170557 -2.139269341844848
1.6915709899871632 23.849774775390586 -2.066099029788183
2.587307229221995 22.442883891623836 -4.509608381396123
-0.2560154950466996 21.257764279234582 -3.132585041885644
-1.1158430939341573 21.473971455275958 -2.025401680518775
-1.3207538103354222 20.624358931062858 -2.333525317632448
-1.3803659954521634 21.649333856978664 -1.2866947351313933
-1.7354918957090382 19.507703348264368 -2.206130373503596
-1.4411402734633496 18.344055260382273 -2.453548258782085
-1.2526235602665032 17.48997532555823 -2.386760534128399
-0.43005048858652395 18.48697093467235 -2.971390993539414
-0.32045197555169447 20.04037799313942 -3.231643812181675
-1.472198180431525 16.479337398415776 -2.0611073530206685
-2.0129811142718745 15.478878020903613 -1.649503001930935
-1.4279385226207544 14.535938154202805 -1.599173961791005
-2.5608435359987594 17.510537659464553 -1.663528438073182
-2.6949219747577815 16.41000162414736 -1.5137409779362996
-0.5077036822065992 16.939872860990405 -2.4929284567256857
-2.5129760576450764 18.840151303679832 -1.573821368108591
-3.6464853430264017 17.517122659365093 -0.8761819523757689
-1.8011303471921014 21.413044046594116 -0.3659392232096321
-2.226153040976807 20.92176574231035 0.5406337334403327
-2.312549067065121 20.36842047471656 1.4910084172744023
-1.3992421389409169 21.43927471051924 0.7323163513861448
-0.06260903532088391 22.22589776258717 0.535748083020122
-0.7343974044278638 22.33452571418603 -0.3017953174852017
-0.4795863820868045 22.630581875767923 -1.2212736293511737
-0.2824717353186498 22.490912793862186 -2.2162366996945266
0.6701699802919621 23.30184741389279 -0.853015361652431
1.9542331714274026 23.156649552435393 -0.2539772947708117
-2.404972898136342 20.688846055143937 -0.4134749371379953
-2.193064707700946 20.359178888926234 -1.2844796868709587
-3.218666575657398 19.46854807509814 -0.4802940405472055
-3.210441512024986 19.937623238220617 0.4740283082961302
-3.4658899802860614 18.504469265603472 -0.7533363096030307
-4.22765678707875 18.50001668224421 0.3609665551170152
-3.35843684490262 19.496758632859333 1.5459503871899618
-3.4510117916043535 18.5115147383105 2.3844782534546534
-2.424937500286222 19.34793959042947 2.376134064893284
-1.360790121897819 19.73994762862203 2.3479079448001574
-0.0933080417267006 20.045016896883585 2.178961825006139
0.017391542780083924 19.15800230299955 2.5787318022365007
-0.9765715965952935 18.10953181412705 3.188080976141336
-1.0257899323576924 17.14569649310054 3.573328755773497
-0.6075971897332302 16.11056627773977 3.8048137951592054
-0.31664201259911395 15.173290376816322 3.9923345594787536
0.0026056933322551323 14.081938873887903 4.009600638461705
0.029782773043384947 12.81177985032508 3.9908937258274326
1.3992144359681404 14.044532595110336 3.2166546250339128
0.48726396509549363 17.44648395367002 3.1707134642073544
1.3248254837240145 17.07848109397815 2.8144557345111476
1.2817272069967784 16.076748988973343 3.138772834453124
1.3732339661960014 15.048690525828725 3.2114288039710095
1.4395094093446232 18.200451083729124 2.3570825153176163
0.9024702136989715 19.21774196904713 2.2651578631551734
1.6351046935625813 20.299934106052117 1.5708959028220781
2.4226176025895247 20.124587902911628 1.2179989347051257
2.4001091661547465 19.16437084459633 1.457580823742196
2.7698384261377305 18.09606740102072 1.3432055307723918
3.5391380134137975 19.100662785158203 0.6672426461496251
3.408633305347422 20.188328410363845 0.5943317331355827
3.4169374389061113 21.12907584223527 0.3563844005950604
2.6394891812398797 21.308760878905307 0.7085143957071365
4.428729944440214 21.211731353898887 -0.26074224271703067
3.605176349684894 22.264536222874792 -0.1790053691762476
4.412405418703528 22.138752916032942 -0.59887043643505
5.318502659124167 21.841616728239167 -1.1130671411390811
-4.578585145921341 17.487475825921756 0.4303136701748755
-5.119937643591072 16.493350873655572 0.7292534891711089
-5.319893489939201 15.634164613505899 0.16686228511274356
-5.549315551819248 14.554211932197992 -0.09463442205308496
-4.210132637133391 14.787931575883894 -0.9083112554739654
-4.8890952638859595 13.560684712621494 -0.8079689214675424
-4.567235500400075 12.548855868516496 -0.9123696369150621
-4.207827331783488 11.615383660324076 -0.944314081284063
-4.199335900486043 10.537960637907226 -0.9078506683381923
-5.36458940413182 15.624664439456096 1.7112198976602742
-6.015371511470233 14.510315754022827 1.0778876538582447
-6.335837046522746 13.509122165415244 1.3390126210762063
-6.731889962278871 12.518834048918352 1.4282474654819188
-6.338477226758554 12.939121068317073 0.014164417671302054
-4.3176516439953865 16.161573053861304 -0.6699045210190583
-4.260675139061776 18.479965445294138 1.3909338767506176
-4.32003088319202 17.45005727905274 2.239129809196669
-2.388472493361524 18.003515081248267 3.085881427216571
-2.428079356838307 17.222543206239532 3.3696780684420693
-3.3883036161187055 16.8009795290054 3.1246611236704
-2.4784054842462724 16.208106451927648 3.622101269598952
-2.2005912543031205 15.218848087544258 3.868318466881333
-2.441968133030941 14.292110583432725 4.02418888263347
-2.1602457106794937 13.146901643872217 4.307924994306153
-2.6771577491802208 12.161894526913109 4.423638063563377
-3.535690416554153 13.748920674088305 3.891588180873745
-4.346219503800425 13.106166032100909 3.7672909576731364
-4.442068375216369 14.31201531368265 3.308273611071625
-4.387752260757621 15.322279289873492 3.0182609917217578
-4.965529694983893 12.308144788041057 3.718983268642684
-4.595739019605993 16.37508723755586 2.40460519303768
-5.457763217449177 13.458982827702389 2.9408021810243286
-5.357819104495254 14.39971243590123 2.505258189059215
-4.299983520308466 10.905431337965275 4.340213383653544
-5.5247856067888055 11.329889548141644 3.72427212093746
-5.762078252615888 10.335859366891 3.793188749244403
4.2615036928163486 19.095789108088454 0.15214722839665132
4.0459182107071845 18.09386128386992 0.3189038383720063
4.334643104091878 17.095222577230043 0.006534116526830161
4.0236151250151995 16.094807181178794 0.22583546903314497
3.143105372864878 15.796522614971039 1.1874086287180605
5.140628639988442 18.588785741905692 -0.47927123342167016
4.8332185675603 20.09736466098118 -0.30517717477590484
4.0837323525008395 14.65696817248497 0.3034594128056376
4.667217152603584 15.110363977762836 -0.6358963102974348
-1.2967042569055094 20.92236060318942 1.4910716015374124
-6.237823071189656 12.42976477246013 2.6072750750393228
-6.480626349711677 11.513421746268783 2.82323566919354
-6.695559159108658 10.426538585025993 2.951689438903114
-6.667210954326025 9.407523728367915 3.220301453088479
-6.614192547008274 8.448870717961148 3.567362127855203
-6.793187470831217 7.384135216428918 3.6482898239334256
-6.504180719718809 6.337574562663932 4.191620076666933
-6.350462047342349 5.3156557916675276 4.4075935750504565
-6.654361664950173 4.341737519377387 4.147687225727848
-6.457639253812385 3.3200265691542064 4.324102092675568
-6.906352538515748 2.4136095914561513 4.169333548945118
-7.1460876577766985 1.346599753905131 4.328584706966913
-5.8684681706024175 4.271853422572759 4.740789257965706
-4.811541787824249 4.191757282828892 5.290363206739285
-5.493200448066366 8.283796516468263 4.404190333778798
-4.743431230556508 8.228079011757586 4.774374770263466
-4.841347655992603 9.198002997170896 4.417709628543978
-5.789640909300161 7.449898764677864 4.501999905061031
-5.774767673550754 6.269307856427624 4.802914417778874
-4.794802819657955 7.2089172022539945 5.11206375161547
-4.678002699123548 5.9404764509443355 5.356890454575212
-3.348894549678557 9.902707443840447 4.623543108847147
-2.8227518133271983 9.142919158542947 4.741773374013844
-2.872974622389286 8.128949360495104 4.98577013599591
-3.241997399755436 7.1113118425563675 5.394452989106313
-1.6085406303409284 9.174404291815854 4.544099507951908
-0.9540728605499251 8.124419808636784 4.561063396597106
-0.05304313240801928 8.044643532644123 4.140940588225235
0.22716764798242028 9.053082584554417 3.804016920400829
-0.15156855235740252 6.497293424569867 4.450328014736697
0.8809434618093772 8.014000000550963 3.614338484155147
1.0617182077921306 7.014465021706695 3.7033426023444633
0.9400381201505625 9.043533584782983 3.3803424864929807
-1.0456717306448573 7.047799291142173 4.864621102117777
0.4474324462910359 10.054802021158814 3.637081776093119
0.18834822178941119 11.389515440069546 3.8915682031182435
1.8467896484231392 9.426692171512514 2.7204019974662987
2.0338734686137547 8.020011704123966 2.8412936189395435
2.1989364668017974 7.00398219202583 2.942622618425345
1.452585338052974 5.886368217229484 3.5961354244133164
1.7880639016028004 4.985405969022924 3.5221401457117265
1.2575545449751602 11.378886887924105 3.1901438603243077
1.6342947210547492 3.9699589676521856 3.8788346903668938
0.6677707217406025 3.9676608278542767 4.320354232747815
-0.2244730965034879 4.515408845101586 4.6401626875936
0.4410613041786128 5.00892766021594 4.224843230364779
2.5748342863249007 3.9507103198340094 3.414092637014061
-0.42471817518509236 2.9253682847567815 5.158365506052917
-1.2145620125484782 3.547013429342443 5.239777927274459
-2.239801705447007 3.811325578191624 5.464428884232271
-1.6878597957027806 5.0515295261747015 5.238540777384911
0.6098158106335313 2.406706247583776 5.132342159481409
-2.017752830172054 6.249645614279655 5.311217816528932
1.9213663118066118 1.8242176479651953 5.1185422483212415
-0.35494684215071226 1.9582627921339992 5.651152758746664
-1.3191687329647976 1.5006034109002544 6.0687875296514076
-2.704998332017182 1.9557936300805692 6.010470296538999
-0.40044635515618865 1.0930734221813907 6.133678103716516
0.008192248734290253 -0.11267063555975038 6.52062849834659
-0.2580209404369016 -1.1024333412760423 6.800702473762851
-1.4352229234700284 -0.7724389230650829 6.975367844092766
-0.6155494946514628 -2.3725861500986816 7.1110532348078435
-2.7526622213243135 1.025622367595517 6.399329424359194
-2.338933897864763 -0.06844962225754109 6.805181928138979
0.8080777656819229 0.8966536051470472 6.00664692380518
2.024155681796123 2.912295728694684 4.267307468369088
3.6233337794913236 4.090085005336963 2.5843988815351446
2.9069513288800786 4.97584282000562 2.760273805619379
2.7486072944623294 6.406532112945294 2.625126423332162
3.7671412649287346 5.010082826490109 1.4316815187828371
3.6380481845885124 5.99997811158085 1.350012516594767
4.472425029100338 3.9951117761756834 0.9713667859037277
4.519533101369763 3.0154900031729768 2.56763512247565
-7.965334831455717 1.443240822145768 3.2853785497394705
-8.537906310876382 1.5566175479482256 1.737634344237041
-7.922942504370358 0.42255219014197576 3.5721791050658425
-7.851683959939253 -0.5942320046754677 3.765180335152606
-8.351922736612721 -0.5036764512685625 2.5647510161735996
-7.9480943945673275 -1.6739312113812908 3.262707731168427
-7.0521329384905105 -0.7138300191446671 4.927423513294471
3.5625659178569595 2.980283024328016 3.4393491290495852
1.6208903475112142 13.044530723229075 2.9845226237167193
1.8475137712046195 12.044460645102337 2.7494847448332154
2.3271734088004927 14.051938543290216 2.3108556129432154
2.2414821701658596 15.652083949246723 2.2278307833767084
-7.047668042790951 11.53419027964152 1.3698110091518387
-8.31786597473463 -1.4524254395201839 1.573584353542686
-8.041251288617426 -2.5172512209832147 2.45347812945767
-7.903660383915716 -3.331155067538606 2.2570593479939243
-7.535726533572323 -4.540415551727339 2.3510602115171704
-7.260872349715376 -4.5734180704914555 0.8220892777759319
-6.3983881135889416 -4.6175891347362406 -0.10854572804637577
-7.199829529938043 -3.5420488583406358 -0.009625687143557937
-7.115297975826415 -2.4015972514152706 -0.38406924657652125
-6.8277113022330695 -0.9406458487805187 -0.8008179228336471
-6.127234542743716 -2.4065478007294825 -1.1192700261655515
-4.935025190049641 -1.967798828910769 -1.7010108088744837
-6.169659620952254 -3.4112275306928947 -0.8519823983661249
-7.159141758431209 -5.402384417652699 2.3079110665746834
-8.003836704098171 -2.7574290588858092 0.9861683493240798
0.5401491405500461 5.297792628258766 -1.2578480967659802
1.2333893352063083 4.296237460141965 -1.6146486867843741
1.7486018573595292 5.400848592171651 -0.9687255346582002
0.8014560853932693 3.3082001202382214 -2.258775860940908
0.671084383173918 2.1223438192854536 -2.6118745061550284
4.019086764366822 23.195406507843305 -1.1255975399089595
4.192092713110197 23.740465373668297 -2.3544999653638783
5.404495520748 23.189741062416175 -2.5368049274489586
6.268223632704359 22.08603225355799 -2.2123026268790653
6.275749468284065 21.109334692113787 -1.6740459922085915
6.178440012998109 19.90137397382345 -1.3073162953807491
6.773241814730946 19.797803382728766 -2.5413369703391018
6.104793711499987 18.804675955691582 -1.346458269414842
-6.421674505699967 -5.639020039496427 0.7523341452578155
-5.459984381481638 -5.593985785616259 -0.09862599002726058
-4.407243974289299 -6.532477824475367 -0.050172552846982146
-3.54209246666228 -7.070533810175232 -0.037410078978437566
-2.5783489258342116 -6.620626316729259 -0.443392869364116
-4.402084115128684 -5.523351705378538 -0.6132185644464024
-2.989914171018958 -5.488700898085595 -0.8882312332238264
-2.473643592689883 -4.573434567544989 -1.278800293681128
-2.5997992275620296 -3.356379613216264 -1.7043889584196428
-2.838689372233716 -2.5111185853325444 -1.9927702915615424
-2.3200743438034714 -1.5184146570430392 -2.247375838572763
-1.799001025803261 -0.4745129125566614 -2.506257563440605
-2.156468620708888 -7.53746473989267 -0.015227997391182455
-4.878713063264922 -4.542271267509022 -0.9370076480584142
-4.598508479032171 -3.241011142477393 -1.514101494988545
-2.931142765302715 -8.597581222868058 0.8705384006804058
-3.1894945641794643 -9.192115333805841 1.677069129877111
-3.4901118951065064 5.11699869170827 5.571502655228617
2.8274559076637367 13.052572347482398 1.8351309584614859
3.0712789793078112 12.053586052313475 1.5663984529756079
2.5255692499621416 11.050017912892644 2.0376353090139343
3.0052713531554294 10.05573654519593 1.4882456855907298
2.8615297452232142 9.13590189151575 1.8506150041210438
3.0051928495886955 8.022700835247342 1.9835977272732381
3.494763272776692 9.06358473315937 0.8926594997846282
-6.368713144628709 -6.588967573417154 1.7537000595770562
-6.390533520157092 -7.2771471590933965 2.9177005659701063
-6.550135725670019 -7.081129375230733 3.6308626468317993
-6.947367217482558 -5.646359282608647 3.7055007672167255
-7.197861688933212 -4.558879632454635 3.7161429564447026
-7.106346913179335 -3.662781905685998 4.226111633938528
-6.7163195613042195 -4.710125857088897 4.699224373426748
-7.1826819295401645 -2.665456278401414 4.384891903227892
-6.364851081656381 -7.042771284724931 4.604704736394316
-6.31077524153668 -5.754279601226768 5.102422232731765
-5.91588756099269 -4.8081320604735085 5.782497052467171
-6.182708988654106 -3.7832410472254177 5.607715634195589
-5.516092367120191 -6.659039702482758 0.7514071579145801
-6.211963608474273 -2.3506890054931517 5.794248414877415
6.099136888643519 18.173270832946848 -2.326623862430572
5.187974445163334 18.219660326844973 -2.879982394425965
5.087538802034047 17.2223398721967 -2.347446557065359
4.038107291200292 18.637958281514884 -3.2552705008907266
4.174700596471201 16.736269767368867 -2.3973137910117845
3.266163079971156 17.29970424263977 -2.755061569548748
5.775151713610855 19.14803260359887 -3.243200397000596
5.761032200526241 20.24540633958674 -3.7227528272606003
5.3337499280396425 21.048593261723926 -4.1471346971036445
6.3437187021136925 21.215962766999596 -3.635189614189337
6.264854753973912 22.266112704137036 -3.3646221026510172
3.351727570406265 18.972494578672816 -3.438538541619523
3.4261083503725906 20.414050124709753 -4.094319347013174
3.476052744311455 21.396252614427233 -4.4649425483334095
3.0402721729240803 11.094194426251844 -0.9160375781208036
3.7437600263280464 11.107685400558431 0.3829817619859321
4.048478849323817 12.077990001935632 0.3159519084629921
3.204211239930253 10.144771396961485 -0.2678385548846825
3.98910444586041 12.062209473029318 -0.8598522095548863
3.8783626894442143 13.176857687883464 -1.2607393101297528
4.0498441664155695 14.185730503297593 -1.6352644056294945
4.27236030788729 15.187543073822571 -1.685251933740743
3.9445597316221 13.067845619453312 0.6311475343555293
3.0639120562716484 9.144916601685951 -0.20086495798076553
2.975721602953482 8.14680376183526 -0.20844087625706464
2.637104946498148 6.766150382530888 -0.3380651450743988
3.237450486900165 14.064200630454964 1.3330601422047337
-7.778335550439936 2.885867469326112 3.208858342252939
3.547005509411373 1.9328203564141555 4.334528441890194
4.352789114434712 1.8996865287222362 3.8302420154378503
5.197344686592823 1.5011453211167407 3.3991450748095975
5.483368020811282 2.057582447621357 2.4068177860243694
6.263866147633767 1.6030700921054524 1.0765883280619561
6.262817297065533 0.9146753968662793 2.4813440373057567
6.171062845413941 0.2994265377657875 3.256829211714435
5.568027094156436 -0.04909419837882012 4.17518624037623
6.169414506345278 -1.14075597932236 4.192413907107089
6.02315913490242 -2.298139693883614 4.72461855826443
5.765999657310832 -3.5441243867687433 5.00153440640565
4.920954474841345 -2.2756471314476063 5.241646070152062
5.099166553096742 -1.323082717459512 5.01565567215159
4.188672312911745 -1.249458023055963 5.43167468097442
4.065173721596592 -0.1596852958861164 5.253755391730761
6.916214493996199 -3.325292255681051 4.41778207054525
6.977509244934286 -2.294221631662744 4.069702743048001
4.660893326940462 0.7873126401246954 4.476047479579799
3.1733188800927152 0.8526898632560584 5.277843691773555
7.682807044546863 -3.329507013289228 3.8540513683313886
7.443652655087739 -4.333885838667373 4.084231758867703
7.892505273161079 -2.328096046266073 3.0994786300676678
8.434612441519777 -2.2695141119623954 2.203214921731023
8.858195500905243 -2.2516317630185068 1.1228667562432033
9.680697287131473 -3.390512284736408 0.7478595291072141
10.151046669579216 -4.271034435035584 0.7048319102032621
10.446724160328094 -5.284544982980134 0.6522929693061872
9.60546051420662 -4.314106623029165 1.9289308752478351
9.70691775310396 -5.206079595049919 2.1028124398163497
9.519319702344246 -6.3431484907286695 2.424688000768186
9.862493669844529 -7.325271270109057 1.7719396899919289
9.530992166884259 -8.306568173845658 1.459505819835307
8.777108178476833 -8.346293821049976 3.004789114877064
8.510445644871767 -9.285052633427313 2.6908049674982175
8.599052829149043 -9.226032140490807 1.4901058520708823
7.2751215711266095 -9.213868782385287 0.8148359126187156
7.002234527517913 -10.13294960884939 1.9347742136235362
8.758450063079657 -4.782416656469711 3.023050156993027
8.789934747515241 -3.205680343966317 2.4938917753668877
8.79932779351544 -7.016694657503565 3.1161341815761334
8.864904803827256 -2.1973148404845264 -0.08809062765341356
7.070379475705085 -0.12714463410684176 2.015947719879299
7.817939107847673 -7.349430404690003 3.9077312588860362
7.804638829329964 -8.350512883757105 3.8907697293200316
7.614768112405784 -9.403654551396858 3.7141579391964425
6.75458918875087 -7.264069113836925 4.746735052548926
6.364069620987495 -6.332580346976058 4.866060307017247
6.242900069910288 -5.069418174717895 4.791202164014718
6.7823147192533 -10.465038937570757 3.6068132190227082
6.540184175303985 -10.560485056856164 2.659546464351056
6.735313928752156 -9.175330018652872 4.650302639895738
6.146887239247279 -10.497267928948434 4.382652073229544
7.869827356784171 -1.356928644394536 1.987075045516228
7.057240726475033 -1.2185735671062565 3.2229341655345225
5.646804317514212 -9.832949509672728 5.482466872180689
-3.1861026806159134 0.34026588978739347 -2.463051444050069
-3.5575180988034583 1.5565964462673447 -2.4135041207747934
-3.5123021088352178 2.5542004351747702 -2.361017267933475
-3.339985029553388 3.3899469039595247 -2.228315643777652
-2.9779240631688 4.50668747021737 -1.863065184001397
-2.4670006693778044 5.464628385752341 -1.4903562798186376
2.3663576292656936 17.084242629118688 1.8433561292264107
-7.548782047745638 7.995116489552721 2.3474506032691123
-5.207563031042016 -3.382688393502726 6.594783052058477
-4.846135787532223 -1.9080785688429955 6.818075344397269
-4.581827287438427 -0.8169542089791078 6.800846367213772
-4.67475586349962 0.10439050797650279 6.547272199583814
-4.139137594079033 1.4313958268438558 6.166084163489222
-5.122398150311952 1.193699451323995 6.003059707105374
-4.355412764351767 -2.951466157038208 7.136586239121156
-4.570234948706078 2.1507487623600863 5.726905569836542
-6.055924240377177 1.8162356842722553 5.137890637864497
-6.125754422974429 -0.2153899998118552 5.925891033276332
5.320345421965053 2.9047401351204525 1.0432515870557948
-5.523154022862851 -7.668691450874744 1.6608153188253891
-4.562659868350128 -7.637134462589927 0.7737388628869623
8.026638136090986 -1.1057793868464125 0.27757917047375946
7.315527744242756 0.03545651882119272 0.7522103809419486
6.79724898747695 0.9112615332585983 0.48138601267242354
6.252777605291149 1.4945778367797333 -0.43197377324281083
6.159019689622793 0.9397678590937127 -1.3017106805116483
6.439089682325799 0.04571059432171254 -1.6688422063722708
5.05281957947385 0.1779925758574475 -2.4713900173479333
5.905646901238267 -0.9050785358176281 -2.5055876808945277
6.09243619449334 -2.378527707323582 -2.8515188078037568
7.041941585131239 -2.4155420326471213 -2.5260463563452378
7.187175687426141 -0.8655127645773978 -1.5841412765448204
5.325983207080329 2.0582940980237474 -1.3258498683047129
3.7382107173901304 2.2199071972487685 -2.2209893526996725
4.40223671195454 3.0825001622407533 -1.2596617637092797
3.5289929165473137 3.1934078442550757 -1.73894151923312
4.656748591388981 1.2131747735932406 -2.2707190177431826
3.1182659480292525 0.9262665237832972 -2.6893987249285924
4.978140842304528 3.163036931649933 -0.3551436851984316
2.575259725694573 2.7641678676949377 -2.269671771803578
7.933528911721124 -3.0038617403580603 -2.171300711951657
8.012749905342092 -1.99016961809079 -1.5786315566044409
8.98887514897751 -3.106918783565829 -1.2103044088057717
8.881858092659499 -3.9330754006187414 -1.6760121402970094
8.364117233584073 -5.068452457876611 -1.7537695256523742
9.255192767695915 -6.212131510234588 -0.8755471877043695
7.751176649162801 -6.613853476551701 -0.9349369389068878
6.329215456581654 -6.880223221914522 -0.7789686166694776
8.65970149822436 -7.146205842751914 -0.4237370924293002
9.630998580164107 -7.258541230987542 0.029179634965794676
6.735330876759907 -8.058996141843949 0.0016025543966167125
9.924732328446073 -5.170808581031938 -0.9440372299901014
9.83149601932655 -4.039551710906739 -0.7874093598861257
7.172308094322807 0.020430246227373675 -0.589399805152635
8.61353189789626 -8.00433853797509 0.16280359614784323
1.8625937639769896 -0.019438732028935632 6.052788681348714
5.323662636753893 22.95003466250477 -3.8940172549308114
4.197216829489344 23.509397134284907 -4.016787303583294
-4.171164812564834 -0.9382663329481256 -2.112197167597264
3.993339018019744 22.382951120005778 -4.611177498160931
-5.470635978192812 11.578774734314838 -0.7410836755758982
-6.532550901261333 11.595106975634708 -0.14761095888889988
-6.589914439878754 10.597708620166603 -0.19364477076456374
-6.291916673081246 9.592362956070163 -0.39395099549606866
-7.273835226968611 10.571521216495642 0.8441866645491711
-7.033415867564688 8.608791198083443 -0.1166651944886618
-7.522985944106285 7.591866398438754 -0.24222197046537464
-7.704876070065515 6.652461312282122 -0.43171210304378926
-7.872635288823657 7.916849022566598 1.0027372848581448
-7.838927428581551 5.6641718074686 -0.5765144227746898
-6.689622295329675 5.304266701376471 -1.3071274077795463
-7.912280205379318 4.670051775805391 -0.667774254787465
-7.911981333908287 3.668272215806305 -0.6836210862966069
-7.82040463929245 2.527730783158075 -0.5942547085644695
-7.7001777354221925 1.6404413202782746 -0.4578514701049364
-7.35489687183286 0.6257792068987347 -0.531170290691265
-6.8225496685433615 3.300404026934384 -1.4236196631758484
-8.281729937643286 1.6231391702044207 0.33594860870623333
-5.583164318140435 6.390945241222683 -1.2250365951815603
-7.442103419951019 9.729151087140856 1.344093573351439
-4.339645802492617 5.553866807876285 -1.5232598956417855
-5.657700085936122 7.585388453854686 -0.8928097779144292
4.8236447703715495 -8.861415346849439 6.54668272115501
4.650143586672019 -10.207054901836145 6.365361847301381
3.685449425556205 -11.288444793267105 6.317095387383665
2.7573531348647204 -11.452027047622918 6.579292923286617
1.4573910617214703 -11.006787383568913 7.300804284479343
1.5013204942120377 -11.671686360096778 5.979218030225291
3.1223548806933406 -10.423373180899077 7.28094836048364
3.3687776301943853 -9.343513230463657 7.415978853839619
3.557207192820011 -8.344533837671712 7.324520672255075
3.886622831265887 -7.336497592380332 6.953775718521171
2.9201806850074146 -7.824203026350347 7.454539531220769
2.0990294678694332 -7.234990288711078 7.504681085020496
1.9327837368296 -8.794697507616954 7.7647766372045615
2.058259665600664 -6.260139523370708 7.161398588447687
1.0949117901794656 -6.712816193632375 7.512804322567484
0.2507812965634704 -6.150179244220848 7.5352787744296865
-0.1420336414970116 -5.164941404198918 7.4129834623426625
0.28058054461790566 -4.167727061749665 7.087407234872147
2.1868400531537056 -5.16744049106444 6.688493064948907
1.6333696414015748 -3.967667760849247 6.571152528202598
3.0246003427150145 -5.779717408407931 6.635505196021169
3.8236975853991426 -6.40122308003543 6.559790922416529
4.994762422733098 -6.163593846151627 5.774929673008206
4.8031546419012034 -4.960593485538886 5.539975481342486
3.9928704600356637 -5.282335303770652 5.99258172486815
3.766703917896835 -4.314957890920126 5.851863684210281
3.7851126593588247 -3.2528913721275874 5.734629169724633
4.713937513830004 -7.576556379823914 6.486367670079604
5.752965896547238 -7.4174386931928415 5.624404438042886
6.110166288878721 -8.357183329501398 5.422376656731659
0.6682708946593363 -2.988954603180585 6.747483422276205
4.351675384913876 -11.303694178686559 5.249406812732668
3.7331070510072 -11.199498393464278 3.961954806326669
4.706630647960903 -11.222061057063929 4.144815699123943
2.7977242058523353 -11.124811890059277 3.9952439426345627
1.8530860435637413 -11.191567240293482 4.295805722779905
1.8841993555385546 -10.688082445224646 3.534396302732155
2.3910342262561226 -10.104972362314696 2.49630627535425
1.9561837996482725 -9.533741209246317 1.721229970150601
5.621976388392479 -11.033698783302823 3.5610734342712824
0.4967599616170257 -11.033620670950503 4.481739631537446
0.8873851950343659 -11.550008112507875 5.352427490341898
1.3313440117389561 -1.9244079192089765 6.437457027294473
1.5306922265874445 -8.762683001586925 0.9539264661000155
3.17229449254966 -2.5153336514415363 5.90669735752834
2.671690184731255 -1.0024659468236934 5.958782675325167
7.2326499437801 -3.9972429711080855 -2.5413895406029576
6.9038621617487195 -4.955086572632295 -2.278937912503575
5.995111951416449 -4.394493489096082 -2.62854141351925
4.629507230412695 -3.712312764637673 -2.7100737576267386
5.031580319931372 -4.8642062238438974 -2.3414708453161808
4.063989416795376 -5.364588564063558 -1.7836537955868208
5.450269485079286 -5.797912439649731 -1.6650113316974458
2.7020075737084395 -4.847040617248989 -1.816501133554083
2.7364740009751882 -3.759129187293303 -2.257733745772672
3.449778426378412 -2.805336175448823 -2.6567909033000303
3.0853040226829287 -6.070679586730756 -1.0824473268347459
1.684154177378074 -5.909434001048953 -0.9911396444344351
3.9906524679447872 -6.705464811989238 -0.7432990641744828
4.9251187307204916 -6.799977682228107 -0.7786015807026082
3.0412692894309745 -6.88073594996064 -0.4819291475443911
4.55313392847455 -7.897175756301009 -0.019291435667812162
2.075345452180966 -7.3719091399385155 -0.051877464511785584
3.3047615364641234 -7.810668420527813 0.08502235969785768
1.1247201240135203 -7.593895278487213 0.10962119908570772
-0.0387083104195457 -7.421655109729896 -0.0640184564457331
1.1671117911830917 -6.7983327937946205 -0.39148726556973246
-1.0306102254972318 -6.950364006798392 -0.33895966997296334
-0.6579727314967057 -5.6867064062387955 -0.9187467445563581
-0.13168782090602849 -4.679787983395303 -1.331409917755687
-0.8538497750871079 -3.4706120166349343 -1.6330523688339362
-0.4984728374910061 -2.6253326344916705 -1.9035311954180496
0.020152094320969316 -1.632583947005766 -2.158944442582401
-0.38926782815971706 -0.4241783540209675 -2.4518600593459468
-0.347826628645711 0.41647634192445665 -2.6337093975843553
0.687591995803491 -3.6453647618590543 -1.7498198781688994
1.5987019770706812 -4.5456956573957354 -1.6751267258494302
2.144899728809504 -1.9380132535787329 -2.471164333136697
2.884142976613822 -0.7307760756953345 -2.7450947182199394
1.377208263596288 -2.700849734907067 -2.118235100209766
6.855982811893547 -5.837517353039766 -1.6340627556856786
5.1683711331323785 16.67516950041496 -1.3251775948819966
0.021325199134045736 -10.386404148215245 3.528272897004859
-0.01964488226020411 -9.923943005235268 2.604870089244236
5.268072580188228 -9.163252897319287 0.7527482470705901
3.4468913978880398 -8.960197211028241 0.8518548518936713
3.8116564805434234 -9.962991977744515 1.870306310340693
4.24483124593093 -10.572711498044262 2.63072512284136
5.1664697583390975 -10.120669948388546 1.717870565821503
-1.3668037306406358 10.095570862947216 4.421206264283348
-7.826413464693417 4.4646913577251635 2.928596402770359
-7.541277009271955 5.438962052947108 3.197848577248916
-8.057956206519428 5.505960432738038 2.431878725336259
-7.551330218860647 6.458026515738286 2.913100339370094
2.7576552101260527 -11.693214809561706 5.367423378574194
2.2916753443477607 23.546220655004728 -0.8955476917170075
-0.04847864480643971 -11.397002840477885 5.818935915164487
-1.245854905378253 -10.991457094877978 6.323431266455138
-1.0087097091042325 -10.954470781239591 5.090460553179029
-0.030480298458132715 -10.724542681560107 7.244378462568977
-1.2367566043617115 -10.1621609165797 7.218699214173854
0.9491367835742599 -9.750948422252426 7.75593201740998
-0.43130261339540077 -9.181856887623645 7.696274384127204
-2.1055076804248136 -9.1301214302173 7.257764362798161
-2.2755486255926964 -8.076186099423714 7.3935816554505545
-2.4032138341149465 -6.987807802426239 7.480253338484
-3.0154062999999987 -6.038938294907835 7.439787857684185
-2.737213313314431 -5.058106615769277 7.597642043558999
-3.629272002634805 -7.487445813168949 6.960707505426127
-4.592830456008329 -7.4752534284862335 6.4693922452945385
-4.958797494487708 -5.896590030909097 6.517260200534445
-5.6696016004800605 -6.822600076461549 5.740848437501222
-5.581297892447813 -7.963775132326731 5.5397099289931395
-4.819145351475113 -9.016346352792286 5.58148679437948
-5.606611836942651 -8.82860130419388 4.609194090634263
-1.2259107809010872 -6.135796792539168 7.678105048745846
-3.0598462126362116 -4.041410788392795 7.615757931488499
-2.804609009535365 -3.1470110679900896 7.580072152937111
-4.654693867760855 -4.596815520044415 6.926333226740099
-1.3668222239730101 -3.872486246670088 7.565384180459625
-1.8677682166604428 -10.45249049007667 4.440456845919381
-2.803888155074473 -10.304972660730739 4.906658040681662
-3.7386743380255454 -9.906369282810047 5.396295921691676
-2.824773327880804 -10.01120911998117 6.344861112296073
-3.784951942613137 -9.033526932429577 6.42060457905084
-4.447066679879217 -9.630216208030092 4.141395442674058
3.645107317794083 7.068790010136251 0.9101178358144852
-3.702148947237251 -9.774269572736792 3.5190774831821017
-2.38634557420397 -9.829612607340602 2.8677063838592334
-7.9255565487462345 -0.8484602471326611 0.24268874312842084
3.7334826304795845 3.982910355575297 -0.7959726901364412
2.6470236346176796 4.218969263556116 -1.26937288656505
3.262307760034826 5.028205797702382 -0.23721719821827875
-3.4031398882292985 15.518115935479244 -1.1915339114401566
-4.545239643123169 -8.640712258096649 1.7131359541811133
-4.604768124174779 -9.16003375005136 2.6005027193067978
-5.525189558520287 -8.689438261716735 3.0720484539364854
-2.9990440033001864 -0.7475077129638923 7.0464118195004755
-2.906350996316074 -2.029937751551233 7.377653281111362
0.4056079961766912 21.187236716586266 1.4548269260389994
-8.336533903539982 3.520008803326798 2.318410305229314
7.727440196022133 -5.872043002402504 3.8641942430307177
-1.658675412302042 2.480563871847244 -2.590925537625589
10.402740735661773 -6.282020160689778 0.5964779841880761
-0.8548770822463578 -9.44011966976154 1.691951055172557
-0.8496238136604768 -8.758984763595858 0.8101544106190451
-8.394182767038929 0.32659805893701804 1.2017299209343295
-1.5789077298645617 7.751060701645708 -1.2823930785949
-2.9421042190194746 7.47375538119338 -1.1625755001076346
-3.8153164340137695 6.785141639506138 -1.202587862962837
-3.2604134249483523 8.487650267699012 -1.0980360598508707
-3.2967865509775653 9.490548521303692 -1.072099727081096
1.8540717987179598 0.6521842100526746 -2.7096729805293993
1.0134325924156542 -0.6503945248155476 -2.4914212172500783
-4.971035254286852 8.887200554541025 -0.8390227416352353
-4.052270984994497 3.1405101469406933 5.525399568739136
-5.7904450570335 4.624485680780231 -1.622620987651144
-1.236439776285647 1.463705865339433 -2.689170857044852
-0.33716695514003225 -7.182435704802645 7.722908660079427
0.08330169233165052 -8.207279769957013 7.768775418414863
-0.9828639999435811 13.701161993402893 -1.5184992578011987
0.27677021117564854 13.832833842616957 -1.7225112736056265
-0.8755595556991915 9.39060295930288 -1.3052384891769877
0.10749958472056137 10.34419720262475 -1.2484530214799983
-2.2345616843979825 10.450073814081284 -1.1872392442290687
-0.7814826689341736 11.389758519253778 -1.2738109271491374
-2.1399045378091555 12.451851908851125 -1.2031365214577894
-3.0293771741199937 13.495196898349668 -1.188499791237834
-2.6566103435879627 11.467776878643239 -1.104243383572381
-1.7886586556905852 11.114149525830824 4.488401553093988
-0.26461684213435743 12.374556778405214 -1.3857550618228394
-8.226206944938017 6.592070864360933 1.0814901350399206
-8.502144481740945 2.5806860975135684 1.3253178424668302
-8.606514068015548 3.6113702422965543 0.9116497671336781
-8.57932316017727 4.6096381936586655 0.967302787700631
-8.445328169577333 5.602863931059864 1.0239859382655754
-1.4553670955006375 3.467494661143473 -2.302024052344703
-0.6371257139304891 4.395102982351776 -1.8212777230594044
-5.015065838329139 1.0980269577508954 -1.9622146823227717
-5.9313361415208075 0.7139401624160788 -1.541121836428328
-6.347496537866975 1.6326906534372705 -1.4469746840374094
-5.821586538730722 2.6279715317826415 -1.7536880791696954
-5.548140963314937 -0.40111709489832403 -1.6042196251950909
-5.366422417603257 3.6157041918634953 -1.866610757816911
1.4323566690842904 22.22105152346147 0.6190233962868947
-0.8028677733092224 12.080090114904609 4.322391569651532
4.254588889786289 -1.541779890278892 -2.8334073460191673
-0.1145579564642425 15.413711296570604 -2.0680323518174237
139 126 138
633 431 637
245 300 429
265 259 258
265 258 264
413 501 403
414 413 403
446 450 627
450 446 447
454 438 436
454 436 609
208 205 207
205 204 207
578 576 552
41 40 37
359 323 324
473 471 470
473 470 468
279 285 282
444 449 445
453 611 451
625 620 621
615 625 621
435 436 437
554 555 552
267 590 589
192 185 193
495 537 491
490 495 491
400 401 641
641 401 402
305 307 304
308 305 304
259 265 260
606 605 609
617 618 17
618 15 17
263 266 254
448 447 635
447 446 635
292 536 294
582 580 590
12 309 308
304 12 308
124 101 102
103 124 102
235 230 231
54 89 550
550 89 243
203 318 218
306 270 305
479 478 480
233 637 234
637 233 232
226 227 280
458 459 460
566 284 567
149 389 148
228 251 236
228 236 227
215 212 601
215 601 224
75 74 76
448 635 634
88 91 90
277 591 278
278 591 569
268 187 188
298 299 297
584 224 601
622 621 623
603 604 605
92 107 60
15 14 313
252 288 251
444 445 629
629 445 628
146 150 145
33 34 40
43 33 40
29 28 30
585 408 586
586 408 412
225 283 216
577 576 578
472 471 473
234 265 233
452 380 141
573 571 387
375 374 633
202 191 189
593 198 592
640 624 173
624 544 173
126 139 140
126 140 127
378 377 453
163 161 164
599 600 498
609 100 606
240 587 586
629 547 630
119 120 124
117 120 119
387 593 382
381 387 382
389 147 148
66 74 78
79 66 78
193 200 201
591 277 392
604 453 451
180 181 203
560 561 563
560 563 559
118 121 116
121 125 116
166 165 168
375 636 638
28 24 3
24 28 52
162 190 161
190 171 161
78 83 82
37 34 42
484 372 368
622 98 97
96 97 95
1 0 3
24 1 3
484 368 363
368 361 363
379 78 75
13 625 12
546 146 145
410 533 607
631 241 242
41 588 106
129 130 133
52 29 51
29 31 51
247 246 91
637 431 234
43 56 32
19 18 240
240 18 315
232 448 634
269 219 220
312 135 316
580 568 569
568 580 577
430 432 22
552 576 553
553 576 575
35 6 42
84 85 81
117 114 120
368 372 369
237 226 225
92 106 93
93 106 94
192 189 185
634 637 232
24 21 1
359 396 322
323 359 322
128 84 129
28 3 36
52 28 29
312 308 309
6 8 7
8 9 7
621 620 623
620 619 623
58 55 57
617 602 605
303 432 298
525 526 530
104 223 138
223 139 138
175 273 174
132 83 379
113 69 112
230 237 231
264 258 257
544 166 172
544 172 173
222 379 75
284 278 569
468 475 473
90 91 243
459 554 551
460 459 551
270 220 271
619 617 606
199 197 198
401 399 404
403 401 404
299 298 300
246 299 300
35 5 6
552 555 578
350 357 360
465 467 463
467 462 463
576 582 583
575 576 583
551 554 552
551 552 553
218 204 184
485 472 474
15 314 16
338 365 596
218 319 210
105 98 433
98 105 97
169 177 176
386 388 389
97 96 622
96 588 622
495 490 496
313 275 314
275 581 314
248 133 250
266 393 254
545 547 629
254 393 253
486 549 487
487 549 489
541 492 493
540 541 493
364 477 483
560 613 570
392 277 276
381 286 573
298 302 303
327 328 333
312 309 135
312 316 269
254 253 257
253 256 257
605 602 603
89 90 243
21 23 22
21 22 1
150 146 147
334 333 337
370 359 371
412 607 242
11 616 10
361 360 363
484 483 455
622 99 98
99 622 623
530 526 534
113 70 69
238 19 240
431 633 373
374 373 633
378 603 20
388 147 389
186 188 187
310 10 9
311 310 9
401 400 399
158 162 157
341 358 394
395 396 359
633 636 375
482 483 477
151 150 147
301 295 5
570 470 471
390 217 289
378 453 604
590 580 591
280 279 282
120 111 122
227 226 228
226 237 228
87 81 85
86 87 85
250 249 248
432 430 429
432 429 298
234 260 265
260 234 431
584 601 448
601 450 448
390 386 389
262 261 373
261 431 373
559 613 560
461 458 457
589 392 393
591 580 569
490 491 489
61 107 62
112 111 120
612 374 597
510 533 641
443 449 444
449 443 611
638 611 453
236 279 280
236 280 227
196 428 202
199 572 574
638 449 611
105 102 95
102 105 103
638 377 376
377 638 453
262 529 528
529 262 612
604 454 609
29 30 31
30 56 31
99 100 433
449 446 445
175 170 168
526 525 259
237 224 584
72 179 219
18 17 16
536 136 311
136 310 311
579 568 577
446 449 635
631 632 241
159 544 624
15 618 14
618 13 14
594 49 48
139 223 140
630 547 626
231 237 584
390 389 149
217 390 149
533 532 608
588 41 38
41 37 38
449 636 635
636 633 635
633 634 635
214 216 217
634 633 637
48 46 137
345 342 356
534 608 532
608 534 527
642 10 616
114 117 115
625 618 620
618 617 620
288 253 393
307 305 272
272 305 271
567 284 569
206 176 177
159 154 160
154 153 160
548 626 547
504 506 509
506 508 509
281 280 282
521 512 517
296 291 293
141 142 152
141 152 154
127 141 154
510 504 509
156 144 145
376 375 638
332 335 336
336 335 318
172 170 174
532 533 510
597 375 376
631 597 376
499 500 497
261 260 431
255 254 257
162 268 190
387 571 572
148 317 211
545 546 547
265 235 233
606 617 605
277 279 236
277 236 276
265 264 235
572 593 387
381 573 387
260 526 259
558 578 555
475 480 473
257 256 264
260 261 526
199 198 593
147 317 148
317 147 146
518 517 515
492 541 542
424 598 418
418 598 422
579 577 578
472 473 474
523 255 257
482 463 455
558 579 578
589 393 266
613 559 614
590 591 589
461 459 458
600 266 263
589 266 267
360 361 350
517 518 498
456 372 455
474 481 499
523 257 258
481 328 329
563 579 559
266 599 267
267 599 583
282 287 281
288 252 253
565 566 564
558 559 579
251 229 252
228 230 229
255 522 263
523 522 255
255 263 254
589 591 392
381 287 286
287 381 289
516 518 513
253 252 256
151 147 388
276 236 251
288 276 251
233 231 232
288 392 276
279 277 278
224 237 225
256 252 264
235 264 229
264 252 229
182 186 185
186 182 188
230 235 229
267 582 590
582 577 580
577 582 576
279 278 284
393 392 288
390 382 383
232 584 448
380 142 141
434 435 437
627 628 446
233 235 231
450 447 448
200 194 385
232 231 584
628 445 446
199 574 472
450 601 212
212 627 450
545 595 317
595 629 628
317 595 627
212 317 627
228 237 230
289 382 390
628 627 595
214 215 216
335 325 320
214 217 213
213 217 149
251 228 229
380 143 142
285 279 284
386 384 385
215 214 213
383 384 390
280 281 226
226 281 225
566 285 284
573 562 571
571 562 574
198 195 201
485 497 197
555 557 558
286 282 285
282 286 287
372 484 455
470 613 469
599 266 600
560 570 561
570 562 561
197 196 198
459 556 554
567 569 568
570 574 562
65 64 66
66 64 67
145 150 158
145 158 156
195 193 201
579 564 568
469 614 466
614 467 466
559 558 557
614 559 557
564 567 568
565 573 286
384 383 592
566 567 564
563 564 579
285 565 286
365 338 333
582 267 583
490 489 549
561 562 573
565 561 573
566 565 285
565 563 561
470 469 468
593 383 382
37 42 642
564 563 565
374 375 597
483 482 455
574 572 571
269 221 219
198 201 592
193 194 200
397 391 322
388 194 610
194 388 385
202 192 195
451 611 443
525 258 259
30 32 56
545 317 146
289 381 382
72 640 173
151 388 610
146 546 545
390 384 386
546 144 548
548 144 143
109 110 68
67 109 68
193 186 194
194 186 187
199 593 572
386 385 388
438 441 452
441 380 452
200 385 384
200 384 592
193 185 186
592 383 593
145 144 546
268 158 151
127 125 126
640 72 115
631 377 632
376 377 631
181 185 189
452 223 437
610 194 187
192 193 195
201 200 592
167 177 169
42 7 642
268 151 610
187 268 610
283 225 281
211 149 148
211 212 215
211 215 213
283 217 216
373 374 612
262 373 612
14 307 313
142 155 152
190 268 188
112 120 113
435 433 436
317 212 211
443 442 440
451 443 440
224 216 215
283 289 217
281 287 283
283 287 289
211 213 149
224 225 216
112 110 111
595 545 629
626 380 441
140 223 452
619 100 623
100 99 623
449 638 636
546 548 547
433 98 99
434 437 223
11 12 625
616 11 625
182 167 188
203 181 189
151 158 150
519 600 520
548 143 380
452 141 140
125 154 159
626 548 380
439 626 441
626 439 440
141 127 140
36 2 4
602 617 17
123 103 138
125 127 154
116 115 117
60 57 59
123 119 124
164 161 171
604 451 454
156 155 144
111 108 122
36 35 32
35 33 32
155 156 157
154 152 153
163 160 161
170 166 168
316 132 222
143 155 142
62 63 61
440 630 626
439 441 438
179 172 174
192 202 189
163 166 544
166 163 164
160 163 544
176 274 175
322 321 323
165 164 171
165 171 167
72 71 115
115 71 114
167 190 188
190 167 171
612 242 529
153 162 161
157 156 158
172 179 173
203 191 318
438 454 439
619 606 100
268 162 158
240 315 587
315 208 587
609 436 100
436 433 100
378 632 377
444 629 442
442 629 630
153 161 160
625 13 618
119 118 117
144 155 143
116 125 159
624 116 159
116 117 118
121 126 125
274 206 581
155 157 153
152 155 153
157 162 153
83 78 379
160 544 159
36 4 35
243 91 245
91 246 245
178 183 180
180 183 181
428 497 500
642 616 39
616 615 39
118 119 123
121 118 123
166 164 165
245 244 243
47 63 64
106 92 44
104 138 103
7 42 6
102 101 94
102 94 95
111 110 109
519 521 517
398 400 409
333 334 327
111 109 62
442 443 444
0 302 2
60 107 61
64 63 67
529 608 528
179 72 173
40 41 44
28 36 30
30 36 32
306 312 270
63 109 67
640 116 624
33 35 34
620 617 619
123 124 103
120 122 101
115 116 640
168 169 175
106 44 41
52 51 25
348 357 350
348 350 349
69 68 112
110 112 68
71 70 114
70 113 114
106 588 96
58 46 55
46 58 47
269 316 221
87 89 54
639 87 54
79 65 66
43 40 59
59 40 44
53 550 26
62 107 108
307 272 275
313 307 275
62 109 63
61 63 47
58 61 47
101 93 94
25 51 53
94 106 96
108 111 62
95 94 96
58 60 61
137 47 64
123 138 121
138 126 121
120 114 113
93 108 92
108 93 122
124 120 101
306 305 308
56 43 57
57 43 59
107 92 108
101 122 93
625 615 616
605 604 609
174 271 179
297 302 298
45 56 55
58 57 60
56 57 55
44 92 60
439 454 440
66 67 74
51 31 50
31 45 50
39 622 38
622 588 38
529 242 607
34 37 40
536 133 130
60 59 44
442 630 440
436 452 437
433 434 105
245 429 430
293 297 296
243 244 23
550 243 23
527 262 528
21 24 25
26 21 25
603 378 604
378 20 632
25 24 52
602 20 603
105 95 97
454 451 440
435 434 433
104 434 223
452 436 438
36 3 2
3 0 2
104 105 434
104 103 105
43 32 33
615 622 39
622 615 621
607 533 608
607 608 529
271 220 179
177 183 178
184 178 180
203 184 180
432 303 27
22 432 27
478 328 481
175 174 170
270 312 269
411 407 585
210 391 209
167 169 165
272 271 174
219 179 220
581 208 315
74 68 69
642 39 38
37 642 38
303 302 0
50 45 48
45 46 48
47 137 46
16 17 15
67 68 74
78 74 75
137 594 48
137 65 594
46 45 55
296 249 290
300 298 429
53 51 50
7 9 642
9 10 642
34 35 42
1 27 0
406 409 410
406 410 412
26 25 53
22 23 430
135 131 132
86 88 89
137 64 65
132 131 130
132 130 83
31 56 45
54 550 53
50 49 53
50 48 49
82 80 79
26 550 23
21 26 23
54 53 639
53 49 639
209 587 207
204 209 207
73 71 72
219 73 72
78 82 79
27 303 0
79 80 65
80 87 639
239 632 238
632 239 241
8 6 295
295 6 5
218 318 319
594 639 49
81 87 80
302 4 2
410 409 400
412 408 406
410 607 412
270 271 305
290 292 291
4 5 35
272 273 275
535 420 507
76 77 222
301 302 293
411 405 407
1 22 27
165 169 168
4 302 301
5 4 301
242 612 597
597 631 242
17 18 602
18 20 602
632 20 238
20 19 238
512 531 508
512 508 511
428 500 336
379 222 132
8 311 9
167 183 177
512 515 517
608 527 528
241 412 242
314 315 16
14 304 307
239 238 240
18 19 20
304 14 13
12 304 13
239 240 586
239 586 412
412 241 239
15 313 314
406 405 409
310 136 309
274 275 273
134 85 128
128 85 84
581 315 314
270 269 220
91 134 247
175 169 176
585 407 408
205 184 204
321 391 210
400 533 410
585 587 209
294 291 292
291 294 293
297 293 302
135 136 131
536 250 133
76 222 75
261 262 527
295 301 293
309 12 11
402 504 641
407 405 406
391 397 411
397 405 411
462 461 456
346 347 598
344 346 598
467 556 461
71 73 77
71 77 70
250 536 290
536 292 290
407 406 408
85 134 88
295 293 294
505 506 504
294 8 295
133 128 129
310 309 10
10 309 11
312 306 308
311 8 294
76 74 69
76 69 70
86 85 88
294 536 311
249 297 299
247 249 299
245 246 300
402 401 403
244 430 23
290 291 296
297 249 296
221 316 222
274 176 206
250 290 249
210 209 204
415 413 414
246 247 299
526 527 534
88 134 91
244 245 430
247 248 249
316 135 132
86 89 87
89 88 90
273 272 174
170 172 166
134 133 248
134 248 247
80 594 65
134 128 133
81 80 82
83 130 129
536 130 131
136 536 131
135 309 136
275 274 581
371 339 370
339 340 370
274 273 175
208 207 587
181 182 185
594 80 639
81 82 84
83 84 82
129 84 83
335 320 319
70 77 76
206 205 208
514 516 513
337 355 356
355 345 356
320 323 321
181 183 182
221 222 77
73 221 77
219 221 73
178 184 205
339 371 334
371 326 334
467 461 462
482 477 476
482 476 464
498 600 519
555 554 557
554 556 557
613 614 469
394 395 370
394 370 341
574 570 471
331 330 332
332 330 325
183 167 182
261 527 526
509 531 534
531 530 534
428 336 191
202 428 191
371 324 326
321 210 320
210 319 320
570 613 470
585 586 587
324 323 320
391 411 209
209 411 585
189 191 203
413 416 501
480 478 481
574 471 472
556 459 461
520 521 519
336 318 191
203 218 184
208 581 206
18 16 315
335 319 318
177 178 206
206 178 205
501 503 402
403 501 402
397 398 405
405 398 409
218 210 204
358 415 414
533 400 641
351 352 349
351 349 350
391 321 322
508 506 511
325 324 320
397 322 396
512 524 531
524 530 531
341 356 342
356 341 340
511 515 512
351 361 362
361 351 350
337 339 334
342 345 343
327 334 326
515 511 513
341 342 358
355 337 338
484 363 483
480 475 479
475 476 479
338 337 333
507 505 503
347 357 348
495 496 551
495 551 553
355 596 357
596 355 338
538 492 491
347 348 598
326 324 325
365 364 596
474 473 480
481 474 480
493 538 498
538 491 537
335 332 325
599 498 538
494 366 369
464 463 482
330 326 325
330 327 326
428 196 497
329 327 330
399 400 398
359 370 395
507 506 505
500 499 331
364 363 596
497 485 474
513 518 515
328 365 333
329 331 499
199 485 197
485 199 472
196 197 497
329 330 331
538 583 599
500 331 332
196 202 195
198 196 195
263 522 600
556 614 557
489 542 487
469 466 468
489 492 542
488 369 486
369 372 486
500 332 336
416 417 501
490 460 496
477 478 479
477 479 476
483 363 364
497 474 499
327 329 328
365 478 477
364 365 477
420 516 514
507 420 514
540 516 539
456 461 457
423 419 421
340 341 370
328 478 365
488 494 369
463 462 455
539 353 354
539 354 543
476 475 468
464 476 468
466 464 468
499 481 329
488 486 487
464 465 463
486 372 456
596 363 360
462 456 455
596 360 357
457 458 549
460 551 496
465 464 466
542 488 487
466 467 465
556 467 614
458 460 549
366 368 369
368 366 362
424 344 598
537 553 575
399 398 426
460 490 549
583 538 537
457 549 486
366 367 354
362 366 354
457 486 456
575 583 537
491 492 489
362 354 351
419 417 418
553 537 495
542 494 488
351 354 352
507 503 502
416 425 424
367 366 494
346 355 347
525 524 258
423 421 427
398 397 426
361 368 362
498 519 517
352 427 349
427 421 422
422 421 418
543 541 539
422 349 427
353 352 354
524 523 258
423 353 539
503 505 504
422 348 349
359 324 371
493 492 538
598 348 422
502 535 507
355 357 347
641 504 510
418 417 424
423 516 420
425 416 415
342 425 415
346 343 345
343 346 344
427 353 423
421 419 418
426 397 396
355 346 345
342 415 358
356 339 337
339 356 340
507 514 506
514 513 506
509 534 532
540 518 516
402 503 504
540 498 518
427 352 353
540 493 498
520 522 523
521 520 523
600 522 520
539 516 423
354 367 543
494 543 367
494 542 543
543 542 541
506 513 511
539 541 540
521 523 512
523 524 512
396 395 426
525 530 524
415 416 413
508 531 509
510 509 532
394 358 414
426 395 394
404 426 394
404 394 414
399 426 404
403 404 414
342 343 425
417 535 502
502 503 501
502 501 417
424 417 416
424 343 344
343 424 425
420 535 419
419 423 420
417 419 535
