661 1318
2.6723315576466913 23.761073074641025 -4.962570328095803
2.7781006550213143 24.783984115178463 -4.685032669495804
4.1330546774207075 24.81141976540996 -5.360424673834822
2.6495606133762095 22.731945873229506 -4.842697568813623
2.81825210336558 21.650449628630895 -4.467891936527662
3.5817494624493205 23.234459719778634 -5.209984531499676
4.177170191538671 25.69082284331148 -4.613530228640974
4.415917058371967 25.858647977387463 -3.5652012899892433
2.946199691512974 25.500503879036074 -3.553314563646998
3.00433059828111 25.229357087045514 -2.437078824804371
4.5198696144859225 22.316835650957792 -4.815035280793318
5.517740072620981 22.399828621476424 -4.663979315522762
6.637794975257311 23.215359143563568 -4.7200821443158585
6.508288418625851 22.095961912340123 -3.674090162748729
7.032599568240507 22.91581717628827 -3.192779834228488
5.390265870441271 21.26708938561535 -3.8465922623903257
4.531030501844504 21.106652064180253 -4.115373732700515
6.025340999396871 20.920595261052576 -3.1545992872146327
6.635195165151821 21.94736793354796 -2.6207559503403823
5.5584112328211415 19.989461108346568 -3.0282108458641757
1.7029456110827228 23.649471857193063 -4.0574042407911515
1.9653656085913802 24.53694829273511 -3.6616939271649622
1.8809827361033205 24.5403923736799 -2.6890434123313396
1.4767593736666251 22.525532852892105 -4.100466065932713
1.951006219213478 24.242107256771966 -1.8013486252624151
2.553275766271276 23.762617060045358 -1.0233954241951075
1.025169382241443 23.079894404303452 -1.050262149507057
1.6523889750796834 22.656502379151753 -0.33705414375573517
0.32809603173761387 22.087973679658553 -0.2756498350798308
0.71646325105689 21.454190050419925 0.47274231012502566
0.9305298294684191 23.413312727144266 -1.925579197031519
1.011998444431779 23.45043773889431 -2.934272885240933
-0.4923258915225989 21.453550455947102 -0.04055666949099884
-0.29077299986682104 22.065950081155037 -1.1951736600620575
-1.5297827230319498 20.698182596850998 0.02050763246319326
0.1611105991208266 22.397101224953616 -2.444484494665626
0.07017207503155773 21.138752371138764 -3.172931247980048
0.8202155067754628 21.56756590271378 -3.740548452026923
1.052454131998977 20.480072360438626 -3.7208997176623093
0.7291420147165124 19.405271180574687 -3.4015144692499755
-0.29065195268466126 19.039130616072256 -2.9770391335188924
0.12711634233700703 20.307547313657516 1.2854176778963957
1.6441983818421737 18.75667194506483 -3.3310199221997374
0.7062092958942658 18.507667911111326 -3.138712562947707
2.5803539277130283 17.784789414595153 -2.9249313448030128
3.66976280758576 17.87136208141162 -2.841000533030912
4.515478713239136 17.981395676225723 -2.672696708739318
3.66904185153798 16.652381209174052 -2.208862270453562
4.529249968790366 16.494766081123707 -1.812709889789535
3.064117732141197 19.062672692650544 -3.4794008092215556
4.521029834299888 23.492711386423785 -5.3963410344000575
4.3437237840429255 19.437262179499527 -3.4212695462154716
2.219249248697666 16.099571806433083 -2.215645259446945
3.8033770767794173 24.895226445171424 -1.7966818870147967
4.949339604634141 24.852272301453098 -1.955151796348497
4.50493616971882 25.55362856601851 -2.6813749386514063
5.973952892915061 24.901323916332103 -2.679170107759144
6.916386408222446 24.245888437572127 -3.2987596084941444
6.689969173005266 23.659499346593293 -2.5688040184027816
6.317908784910445 25.311029659552723 -3.9172107523450546
5.722210201567037 25.572364535727957 -4.787752597813227
5.534818012595749 24.703729336051865 -5.449947163370227
6.522071963159243 24.521706537583157 -5.148331133344645
7.172988917106315 24.241691705900053 -4.305038186810198
5.595194136018695 23.5717488922322 -5.35330809639288
5.582216244434337 18.755388899884608 -2.418812691779422
3.8131523712217548 23.844759143659196 -1.02916509377234
1.0725299606482923 17.13602191218797 -2.685442628274423
-0.652727185048014 17.24936601939936 -2.4798638585721857
-0.2791158334851364 15.819717207546402 -2.1094184240912264
0.8894649851157163 15.556628793147144 -2.0932716774825506
-0.7602249914790775 14.936706328156802 -1.7315692315024833
-0.32075071956133644 13.86611266132773 -1.4695068243837657
-0.9164911107663904 21.232855113104513 -1.889682637987592
-0.9794309663580038 20.03248582457028 -2.559224343519766
5.511991745593596 16.847770157706478 -1.3020519097955126
5.71081610887844 17.05861481849638 -0.23449101667382838
5.457511226733789 17.629292940440642 -1.9267761795851668
5.213980922123645 16.484705719138965 0.7335270251761623
4.8569874775782 17.76455957833963 0.9245938955926627
4.066314071774731 18.36109974169566 1.2154236929730267
2.8960576788801378 18.95702963246631 1.501067277925355
2.875990072556881 17.620202026788675 2.040716845103609
3.1408360316623543 16.61476626748459 2.262751727588557
4.076593052641977 16.69856836362174 1.765761116892177
3.112917711631753 15.523070352917408 2.4970300817594007
2.2167943858964576 16.054501646009427 2.7259189257703254
1.0053311980810067 16.547624797078967 2.889354671099415
3.049907635394737 14.452085313335559 2.6031705558607987
2.8452672663690866 13.230227643681456 2.7908868776910865
2.1252506689758968 13.855300456654883 3.0796377695699197
3.871291062595827 13.998836525611463 1.9771765539414294
0.730923200416147 13.383188708474602 3.5215112674399762
3.345016941184209 12.391358228369189 2.4297643145012
0.7705345065980582 14.37103197242113 3.350246378837455
0.817719429206291 15.556869122604779 3.1416535728546497
0.6850341211881024 12.206546179073822 3.736118968566781
2.0412187577659147 11.696638837647168 3.474635516710821
2.852291096562756 11.135634794978303 3.217493205155895
0.6470313977604779 11.201776971931064 3.9290898311958395
1.0628625786247645 10.007037565881896 4.059494731396291
1.02509183495151 8.998582421308418 4.256221445280439
1.0161427944241028 7.895262421066284 4.497386765136619
3.7324704819111574 11.32442966316345 2.154305175855967
3.6178723228990326 10.982134945739382 1.268178849632888
3.539301595426319 11.94576080249817 0.6665291894557207
3.6964675702784318 12.936586611288174 0.3914206129656067
4.289862718160266 13.876898604327215 0.44297946391520904
4.750436050033083 14.729250210341748 0.5644873920393239
4.51790204335275 15.643162540038832 1.5280516208615869
2.5371417923248143 12.183505451997178 -0.31761034894731893
1.0152509690222398 12.558868940225299 -0.9891429028064969
2.8894155705563813 10.069852412128565 3.4879207217714088
3.756635731663255 10.191627600670662 2.590125571388927
3.7600097257055407 8.952031252096374 3.217103549364623
2.8687195196388062 9.14327250333888 3.7836381687655196
3.9522162853912897 7.902953751094763 3.44089552932813
4.340478364960608 6.968669573301902 2.9129809626846015
3.805703201739224 6.841432430754742 3.9830732532852657
4.476452462767906 5.820687905030159 3.3399005003395503
4.66969314925858 4.640575594134021 4.353993292396564
3.787816119428346 5.588991183992765 4.592575297498988
2.7983108915148267 6.079831480031466 4.745053389015293
1.8688707482312692 5.176163510668356 5.336461459265602
4.795584501935667 4.761505876385636 3.2279447947408553
5.147461453144159 3.6503124096130044 3.3702779285714417
5.0576229856852315 2.974562302334733 2.3987138817597886
5.031110587400696 2.162068012881046 1.4541238718928875
4.256373773585018 5.003727190202624 2.516062959446307
4.2094823327951305 3.8428047938378485 1.9706499026239424
2.650001336533258 4.3878143137370245 1.5017675213902835
3.04971737381644 3.3705568584615033 1.0949418876121264
5.6555366966516 1.807135165535443 2.3138731627503564
5.8479768814474165 0.8823963824090693 1.5812635660744003
2.8263618569325213 7.689594676296683 4.166426145082617
1.880986942050694 6.452711293293417 4.7944863938729485
0.9504407537802221 6.212188916903539 5.043614874894411
0.023516568708479513 6.552918733673715 5.030414127989482
0.009085276264254066 5.680229230388946 5.350467914062965
-0.9172683266060242 6.299148109222191 5.202171689626697
-1.865296739004441 6.004354607636287 5.33509499529225
-1.9092884975090865 4.531686344202659 5.714014067813086
-0.5589407920910474 4.6296465659269534 5.736512790264889
-1.4617214912912848 3.5669828905136622 5.989287059237517
-3.344902817247821 4.019562662424531 5.7936884013032595
-1.5670378377576433 2.532770827410408 6.24391296227114
-2.9390730181267966 2.0932722899290566 6.253054813677554
-4.1767061115184525 1.7073398736585148 6.182053333655073
-3.872449643686835 2.742299850023193 6.031993318438318
-2.3029424664761438 6.997538740033101 5.126934186639536
-1.8818183863089346 8.07892426281438 4.857292111798865
-1.7577327285508337 9.158856124509116 4.632854646227093
-1.7194602329593103 10.202070560725746 4.422780673692613
6.041798908430845 1.030638521369219 3.035061643725336
6.1565885902040325 0.0630841136554734 3.687477797545206
5.490609333097967 0.06087306143225629 4.997197177316125
6.039647127125988 -1.0000419437783752 4.322189368717757
5.950592518146397 -1.9536154789754923 4.594324030760586
5.447088549030592 1.1193674641895148 4.810048796794906
4.500069820049311 0.9951089409715161 5.7357308545190255
4.515622461700321 -0.007587308877973098 5.874403785812218
4.581844654525597 2.1456032028035765 5.482342220662103
4.407328077833121 -1.1627450485634105 6.0588424683971205
3.387048294066882 -1.5248607636298424 6.578342192079282
4.330882913029266 -2.261864097576643 6.197077154414627
4.305020757506353 -3.2951363253217045 6.290656825238297
4.117698320070175 -4.543163350652471 6.504253841551741
3.369691200882844 -4.423520268258187 6.946641537616251
3.35916543875455 -5.478764870236569 7.007650376132527
3.4951131511622795 -6.505670729784464 6.975893306332204
3.1953193061414398 -7.56644420126101 7.094781919370706
4.015962167807373 -7.871303548336909 6.6551638025110815
2.362301889635692 -6.562449697291433 7.518998276695563
5.289057608578996 -4.2599918831079435 5.668202103816697
5.240278369029505 -1.3806434410621558 5.444533945440357
4.833824438586698 -5.378154739649385 6.118448439342982
5.315455294416861 -6.321488867195296 5.8912460204837105
6.026820714317409 -5.176115741088821 5.263116682688702
5.067556495663819 -3.384366757473624 5.743222188608837
4.975332583367768 -7.473109419624238 6.125928177713175
4.652004306979581 -8.519207538301169 6.26223667118819
4.605526646462023 -9.917258304770904 6.0640293292701895
5.855550430142758 -7.418097212066585 5.587412511481044
6.739797114440345 -7.3383852673950125 5.008671709342125
6.8372585263479975 -6.216064325227383 4.87283934173067
6.233078721308406 -8.401383241687043 5.271871083068253
7.531659984492866 -7.466503181202855 4.371287541133728
7.760429290846658 -5.957030741771714 3.9574189353828135
2.980466560172731 -3.3666703478929274 7.027898068812383
6.477893006158429 -9.364041916915006 4.899540116072875
6.0980998791988235 -10.341178694883252 4.799263036133939
5.720732763224947 -9.446236784990955 5.4695977421352655
5.532128632003967 -11.30833681682193 4.565366200367089
6.452831848497861 -11.22484586612036 3.588288256527017
5.998310423094169 -3.0982574841507002 4.791134943194002
5.991885083797224 -4.156209476758746 5.0368923698011825
7.464174060075813 -9.32113391471618 3.9364878726317833
6.962468299720326 -4.921721349012913 4.352838515392563
3.2987287335457767 2.86525536730201 5.808017332727529
4.7103548570597615 3.4597829588387556 4.9672515420501275
2.566848149504525 -2.2974851202462876 7.054716912644839
-2.0094473463990696 1.064334664528087 6.6342214074642945
-1.0639018742489137 0.8067762220693955 6.758454310813572
2.99039686188716 2.5979378304229073 0.3058434414654214
3.995165676453959 2.428451572097729 0.6861275434273084
1.9733366747762489 2.3653226880919647 -0.1590091059614736
6.263931372187005 -0.16459385884675948 1.7002159902305711
6.718154022033985 -1.2512051612650246 1.7455404744733227
7.087262697634455 -2.2718919999914853 1.5153403794515135
6.447716778501927 -1.5750735758048928 0.2809607760628141
7.346668055482754 -3.0527251674730804 0.3304925715583402
5.5956689685854535 -1.5325539824914243 -0.7114506376638721
5.525615780383572 -0.6853805833499698 -0.2859012825252864
5.45377650720011 0.2928944012043213 0.28290195033980026
4.801453217285617 1.3653421161357315 0.3335517994958459
6.276359177336865 -2.6234567043519523 -0.9093579286418702
5.310574892609513 -2.3426227275354354 -1.4657728039795954
4.299185249147806 -1.7884285474085226 -1.6262934310150627
5.044229905625314 -3.296546971460715 -2.1653056974985283
6.156092637878642 -3.379891987848641 -1.7706816071803326
6.337075155980253 -4.216124125896481 -2.2918695365067308
6.3996336063791786 -5.2453080807015375 -2.6519992925079654
6.187379841396473 -6.135854518337068 -2.717536580141271
4.614980762837742 -6.071410047250366 -2.6974039723616725
7.084261788691701 -3.6829680829607323 -1.2537337630881353
8.16038633660856 -4.105955709461975 -0.016183175814395045
5.823672966527596 -7.531248909686541 -2.4129220019550797
4.886300571021346 -7.509827628751971 -2.3514307639939087
3.5061314731340207 -7.373742817787903 -2.0989544345553712
-3.9572020802715824 0.5631790439690227 6.431357687910321
-4.965097317039458 0.8017992474711191 6.101378391459394
-2.714008846465514 0.3375357022327201 6.750760440099282
-3.026412090703584 -0.7010772984944875 6.940317311256605
-3.9994880818077183 -0.5214835415755461 6.585967090958314
-5.286786813898369 -0.23967743705196443 6.015180789303265
-4.851145123304848 -1.3951388670314364 6.292780665946991
-5.126535350846058 -2.336793773449548 6.218305257297571
-5.350309078894698 -3.372812640779335 6.088206958304396
-1.8199874754222258 -1.0795043353142675 7.263445849593944
-5.945304192108363 0.4225770637158356 5.716205965476533
-6.0365807580985065 2.0040277417254213 5.6673657875072845
-5.688144907631419 2.871980856509476 5.707531579133184
-3.077867437192458 -1.7755167217467518 7.1258346430427535
-4.05427038820194 -1.5831580148780233 6.7131750300228115
-4.102067987872586 -3.2141324738559174 6.800310015490703
-5.7441124883738715 4.095290117297189 5.521975424390601
-5.272706948012844 5.2051718703133485 5.427065172590778
-6.054561520015537 -1.4372548143685493 5.590571834052408
-4.801883132228497 3.4197071061852933 5.829032993728756
-3.156051222404069 -3.361894791320138 7.213335095816447
-2.105139125818606 -3.1136138003056923 7.604314501642674
-2.4110494486776473 -4.033319292030565 7.516174672573247
-0.5206825796355286 -4.342994010005245 8.02356855648613
-0.8908931643326891 -5.319679400129719 7.901360967893653
-1.3896132742659857 -6.724534084378572 7.499979715440104
-2.370918575043227 -6.041967480631059 7.238293259588692
-5.138095857820514 -4.428094800972813 6.071528964189222
-5.498838604936468 -5.291477891540367 5.541797102733584
-5.603972419055041 -6.0870033916584365 4.925903660609237
-6.429774559161233 -5.00955095470223 4.643206590074068
-6.437939562343696 -4.0352603825812015 5.065620032955695
-6.325042752204431 -2.735003206968137 5.346444256077764
-7.045229291217078 -4.553183376193831 3.3380309710991938
-7.1843277307830995 -3.699836709075778 4.079713815908759
-3.1785892773728364 -5.861056824443751 6.848091839439723
-2.8186256749025778 -4.958725172158899 7.233332352369661
-2.9667221382481075 -6.871163133699778 6.663625661698998
-2.695419761946594 -8.448006672582101 6.2420806053477
-1.4510949967150335 -8.160309654530506 7.060750976806593
-0.25701479806278793 -8.03609476321747 7.470113362518451
-1.1958450191049153 -9.157957201918148 6.814819967839732
-0.9140092589449837 -10.569439775705593 6.418392979435251
-2.114264942378757 -9.888049367419743 5.984529839532849
-1.9995371453276607 -10.919468181859308 5.495871725986287
-1.2556549687784013 -12.016242857610559 5.207563332103837
-2.184042191128505 -11.56657920433147 4.1211104030076156
-6.8417655036135425 3.4066230313828334 5.105532159152123
-6.839538696115588 2.1907070271128526 5.254076919606646
-6.79886839009409 1.1327586131388958 5.307247022466304
-6.55126623676141 4.281300281661554 5.112639581204238
-7.905348511298569 0.9678049886755122 4.37456084878905
-8.370566067592293 1.6986304358855038 3.753182086996045
-6.7574340015855645 5.58555494786648 4.735732322888494
-6.196380139746812 6.3942583069478225 4.864801876395024
-7.804381617409351 2.5190776475181287 4.370714903947735
-7.9150445539325425 3.6279125302302044 3.9657680343327684
-4.3713627594430005 -5.7988675622001855 6.147107912147649
-4.799824705487122 -7.292366315423579 5.0048563284541725
-5.617159573664895 -6.882480617430826 4.006102024643763
-5.748510726345402 -6.583988278468761 2.8288579096355555
-4.783959059984298 -8.088597831711127 4.087457862984444
-5.544130352798479 7.280503714135326 4.982248484323527
-4.629049828023412 7.766570986539166 5.063337036865053
-3.667047297986342 8.122608832550227 5.014324633882962
-3.7051566529335966 7.106429295152157 5.212153592248381
-3.5356284978021284 6.009349741929363 5.396954173360002
-3.7888429115859035 4.924470418868597 5.621693940591698
-3.625646542351569 9.29950470381849 4.762754611275761
-4.661593257071951 9.779290377325466 4.554168326658322
-5.726566792014287 8.704247138364526 4.563862557457705
-3.5993738620967672 10.201341077244466 4.525236334825052
-6.535485897421169 -5.435371911565185 3.038581629158399
-1.1592475830204827 -12.473684394772711 3.9360933910647056
-0.8965498026974806 -12.301588829915426 2.9783439302709027
-0.8073601600217379 -11.870829993766753 2.291920716323986
-0.3856111667948501 -12.969427374825118 3.716774198675351
-0.3731670751231184 -12.951247299643597 4.8250070714854205
-1.0565948689850013 -10.86207991241721 1.4108394365851153
0.34280154600302 -10.79371945452652 0.8364169028996344
1.2774833831482577 -11.398536892384657 1.0459763775948208
1.258430582687402 -10.632486733116629 0.5047051753828171
2.1910408162744544 -10.958907656565076 0.5573808970083078
3.111466756798298 -10.766241425832131 0.24924267067804817
4.045609298334073 -11.08133294553924 0.30880128066642887
1.0024703754351258 -9.494482349268921 -0.3085625425820429
3.0685560047360756 -9.660134239205107 -0.6586915016552217
3.1345437105131917 -11.520211544856085 0.817469815375699
2.9835116347427686 -12.296891131632801 1.52608389471496
3.28448605389666 -13.055095885336984 2.8192391770922756
4.303312164979282 -12.577097300711717 2.4776947641303595
-7.451229748402992 -3.3262373404047914 2.896919893382494
-7.685079621066821 -2.334708881615797 3.0455780957382075
-7.205238821155218 -2.242933320352297 4.479541801912099
-0.5894017151002676 -10.129417943053356 0.6173105309615617
-1.9594730225298735 -9.489206175522808 0.7120863191172937
-0.6116940568766291 -9.328263591791066 0.031814515392178555
-0.3406032815506259 -8.157770025446316 -0.7472205368870473
-1.735449013965856 -7.519051922684 -0.44248899580419987
-0.6024953292802311 -7.109081978475894 -1.0077371577970258
-0.7616291198837382 -6.065750016927954 -1.1537947301946487
-0.5112291459938977 -4.947300183137533 -1.3449320274213967
-0.9121653951672819 -3.6668851453485978 -1.3961447181507418
-0.3968931335348166 -2.846928208224142 -1.4619402967761033
-0.3337140446392709 -1.8127431848107833 -1.4630725347542335
0.5065985776328961 -3.415451327865572 -1.5265900626102804
1.920830862479674 -2.977038530951657 -1.7881752993729458
1.9111688324699605 -3.9508409427109425 -1.8168584470714029
1.33458532363287 -5.02912228622678 -1.6857559410359004
1.2714907819043155 -6.063532366631394 -1.6838167550252174
1.9853199304020257 -1.9463405544598094 -1.7768046346994313
1.6074276110163948 -0.6453650958607942 -1.6492298352230872
1.5396103424840764 -7.08891712366101 -1.6191905531653696
3.5724041696673376 0.32169505617524874 6.226009055733386
2.732679299872254 -8.570562669655164 -1.3742683438450023
3.95973104388974 -8.627832585834671 -1.6287687446746273
4.885764015951968 -8.696824891338654 -1.7594185892395562
5.817664031293111 -8.754252940860345 -1.8477289975689921
7.068408900649666 -8.839648788626297 -1.8936512334530464
-4.0044795695373345 11.56245582216039 4.059032584789152
-2.6041637532061106 11.980133654486925 4.033880069276351
-1.177932982420029 12.294614831214904 3.9330350502385993
-1.2111989538749905 11.316649041661274 4.151412180348192
-1.925566808194616 13.693837333292905 3.594379882067148
-1.336706510951367 14.580424178495383 3.4227653933620656
-1.9924393706916943 15.808347793827204 3.085391330763585
-0.3286648167194974 16.278649046845416 3.0771979530039673
-1.504675784371043 16.90177591169084 2.819169040902655
-2.462859209811315 17.062081117630385 2.5183596891261075
1.007052884041765 -12.22298662444328 1.792006731649854
1.3760770615575524 -13.16665080020901 2.7435225419773435
3.382221082121906 4.425368818862053 5.305905576123828
1.8034636265860375 17.81574876359646 2.3313886124340115
-6.653166288421949 7.702005492433113 4.311536619760525
-7.211631201245868 6.708696827016796 4.050835465663676
-7.691747200193557 5.834919512884571 3.6014465196866574
-7.720410770781169 4.8324147944951275 3.881073324569649
-7.790988938310456 6.726854224173673 2.893822612519042
-7.953966235270563 6.124713776193683 1.9592620604502982
-7.291415881288511 6.520476856627462 0.9134961805628228
-6.989065226344608 5.557493761721038 0.5222674365211304
-7.213018402013884 7.49112526469099 1.1431987339315723
-6.111910085870701 7.842615992229009 0.37881658018181696
-5.2800015827277305 7.101089594192692 0.055445427779949985
-4.331006092183414 7.354197183453042 -0.0485958094789633
-4.261338241921705 8.586934904781137 -0.09623999380114873
-3.904568026491794 6.44041301893499 0.027690221891381372
-4.436223444403799 5.4453773510411345 0.047001197522890725
-4.021510150265922 9.71466433922356 -0.2476683526541679
-3.7032556455542283 10.713985892251344 -0.4674564252191976
-3.49843861711777 11.861349544536063 -0.6572430730196357
-4.119758707825564 12.76743505252409 -0.49105735559802954
-3.6693621493857465 14.22900681524318 -0.6612565556425145
-4.7639557117459255 14.300236657880435 0.1005881902096355
-2.971774709267819 7.468735242488438 -0.06852531312967364
-7.097555856363775 8.453391871429037 1.3911039026651846
-6.958299379484027 9.408996132663784 1.6554578519321343
-6.724228024468805 10.814966933224756 2.135247519429548
-6.574348962441405 10.539420563889607 3.096004152824812
-6.287847578831874 10.899920415789882 1.0327993748917772
-6.251619553298425 9.677921465173185 3.833081361804995
-6.734779352919472 8.808475933955028 3.809365404541432
-5.1209533036142485 10.647471369917678 0.01381432172046243
-5.535395446309655 11.722267744871939 0.28992452760431187
-5.841093262246449 12.586873682508939 0.634904987322421
-5.722533595536037 13.665118011746149 0.9373292882579041
-6.047487554644543 13.420143495860623 1.8877878063108284
-5.596059014754994 13.24370116060444 2.8841382877748227
-5.447301863351576 14.394436053291287 1.7705588839093724
-4.601643338155112 14.122812665446922 2.9852921597668702
-5.506736173434978 10.705600631149697 3.994612248931979
-8.124093660549168 5.197310356815033 2.257579373187693
-6.1937410348360205 9.596085445197172 0.6929447619531531
4.977076802981555 -11.320947066178515 0.3084820659147497
-4.528966971130578 12.8520532226716 3.5396903319089414
-3.5293826151676395 13.272924545515531 3.5563044949259908
8.437770820843479 -7.123914809595685 3.4274890394737927
8.739714879309853 -8.023794634776921 2.992619151298441
8.438710564322896 -9.05015410767274 3.0477631275810024
8.22090410607311 -10.057411837359945 2.684833534534274
7.879479228720512 -10.863898564135495 2.254886660511888
9.07534559133561 -9.892258217924482 1.6821287535409946
9.319008837830026 -8.868146350758611 2.0636968346573727
7.165319205960813 -11.2093036922149 2.6807069190063766
6.276823773593778 -11.879234863927376 2.4518611263252215
7.316426691558711 -11.568151652773613 1.4380905079252515
7.108015571725213 -11.364775990975504 0.16806826068391723
5.405030433546387 -12.05679592150399 3.443408400056681
-0.7202212143531597 -2.372304528253462 7.735400222358462
1.017532639911535 -8.315878532780397 -1.0832796491987284
6.7112420694837605 -3.0806068943374303 3.774744906615293
6.874698310902071 -2.5155317472733514 3.0868107283119413
6.698978842528291 -1.5335209464790878 2.7714303044301714
6.8149948372772675 -3.957698196830899 4.01146799919922
7.5742460908760725 -3.5037266788894534 2.1106680409533283
7.718791581268173 -4.794319706598925 3.313247797502144
5.217919962009583 -9.786763913416266 -1.0741928516515187
5.462407433802665 2.9383944303357232 3.627837997818996
5.41078090063205 2.35494841863129 4.5003433646637925
2.863804888985463 1.9967941456316811 -0.4310296065513207
3.68317941217807 1.5819680959496996 -0.4203099116335395
2.351676518507245 0.6873812418197177 -1.3876909929608736
4.154026844297243 0.6891659440603894 -0.7358149061195183
4.24227091848804 -0.39858134590143746 -1.185857129597395
5.014268109678838 19.079200735710288 0.39006023913859134
4.9833653017003945 20.148775381554543 0.07816535710910538
3.715481463029525 20.028467028597596 0.728159323926495
5.816348034421711 19.72086529297082 -0.5295830597464214
6.295635972113165 20.17360087179909 -1.7608837433312672
5.936204455331526 21.470786840165722 -0.9836516709933038
6.134300293973331 22.54458782331038 -1.4991271250455578
4.8247764564071804 22.517960912768586 -0.6185572698182632
4.506823010594109 21.198099468820324 -0.022057807383979222
-3.816715285297271 -7.593331122737929 5.779974287034165
-3.7244574243828135 -8.558975720344648 5.3166539250658555
-3.101318363955407 -9.59854063916766 5.2533697692276595
-3.8105632018272995 -9.549247185687303 4.123998182506507
-4.22452904564279 -9.206629778265228 3.211987710803739
-4.310087743663114 -8.915767898286754 2.3238502769409086
-4.182556844048107 -8.4806872746667 1.4419319458315185
-3.2933504929290316 -9.597044213548278 1.7349149196703675
-2.3604554929788195 -10.344808641919517 1.721021502361255
-2.370078765018302 -11.073012967855137 2.7334029381145513
-3.2786000795965746 -10.325839626269403 3.1268067419479335
-2.956124434239091 -10.497014025885676 4.675977317962494
-2.890033919950701 -8.314679908341718 0.38039754887325805
7.074891446855194 -7.499117289410645 -2.3491985576810874
-5.021722115190188 -7.623829538780246 2.1959386225191837
8.359848331881322 -4.552850652164284 1.6619950432728718
2.814642530865272 5.356316218840218 1.709314066496231
3.142984488929438 6.3920646425725405 1.7956023561686936
3.6441539094302575 7.295178583916637 1.942716084592672
2.4879344006888853 7.552942574265313 1.3025253670323598
3.6208775083693405 8.504429775153834 1.7585944912960862
3.655543267522318 9.46192571374904 1.6149755889954798
1.4939708655811543 7.761529605545624 0.9606754656621681
0.5319057296792835 7.643075406463597 0.6781477306060335
-0.46543935011124493 8.145733417432774 0.21730144508326432
-1.6369141412877055 8.307726937566725 -0.10559712142745808
1.458994238987012 6.661044237836349 1.169364992272572
0.7716242297594701 5.709897806857649 1.108969592472499
1.8395851766945857 8.746466530916477 0.8055887651214695
-1.476331682079461 7.21849081932309 0.15208833299939095
-0.48455686181532426 7.014829508320518 0.4868609749367995
-1.7463684408055102 6.146972290936684 0.2859773971060545
-0.5453972996063153 5.9538501158697645 0.662426093246876
-0.5285617599858176 4.383901543860987 0.6945255417045408
-2.1640620881983295 4.956024561493976 0.2738159718629627
0.7100581496616694 5.003076079038547 1.089978620138006
-2.0337556459417163 9.583229299743666 -0.4340337473006726
-1.0588696604544947 10.412562719661688 -0.5651210313776922
-1.8001596941703397 11.789495601919876 -0.9196894131656246
-0.3736635595690933 12.110682966289733 -1.021726203304521
-1.762716089717904 12.784738294503118 -1.112462216917278
0.055001980884275464 9.166896369614923 0.061695131595508934
0.5605306570608077 10.235202696953206 -0.177714567469069
1.4930534317520108 10.088628653921722 0.2038827692887022
1.4182272396267956 11.341863803338699 -0.368704791169831
0.571953314947576 11.176392955925266 -0.5568785001366012
2.559585843470388 10.954341367339694 0.29348395764398205
2.6258593703956152 9.658632199665472 0.8402651881995602
1.014411983831447 2.2378682694488585 -0.19959076262755854
0.3839480794378568 1.0918834861364513 -0.915341357523019
-7.412452944424545 8.055461699983963 2.980153457092781
-0.16339518153873756 -12.236260526861 5.905940835947402
1.3734092506218407 -12.352171323477254 6.194954589612148
0.8415919492865741 -13.145450182572915 5.489946118038678
1.9654314509372388 -13.1430174487929 5.387671400283309
0.8838762159890784 -13.550663005752481 4.073807470119176
-5.574855111923684 12.004009378207604 3.461205665934843
-6.334135060894747 12.34804311682204 2.1079247194486843
7.8502433848936795 -6.63083469870564 -2.2582158541129234
8.77276084121073 -6.704958641760596 -1.9207624618506636
9.767364475879823 -6.884890595894714 -1.5268639041260823
9.68254628913266 -7.894989644878667 -1.8045541448794096
9.11222715611519 -5.853908655724146 -1.337756931045387
9.986984950783246 -6.1259393422412725 -0.4327251379693089
9.995889395109877 -6.485731034356522 0.8232448277126256
9.141332751022796 -5.111293809169574 -0.07596432934263239
8.817707018986471 -5.138923758067372 -0.9329117094243145
9.199526085163617 -5.58455652169673 1.3013932097665897
9.207688312380837 -7.00852920946744 2.3263858148749943
8.508623215685036 -5.835690294295903 2.8813331483814633
3.6503845248786586 15.440356777913847 -1.57225036291781
4.534310397679227 -12.22686362414179 4.43309117093278
0.06545443295422113 2.680274151900544 0.19236833087103855
-1.2454847549128538 1.8019230800433441 -0.40854617105974583
8.8356579883781 -10.631648150374131 0.8100956195830087
4.46836229378357 -11.411170237417418 5.480846132402632
3.5020130204329765 -11.18097326205271 6.2511633783485605
3.378183989962043 -12.306538559727988 5.530685505939704
2.256576492851285 2.129985970519151 6.166313802461771
2.5071935095221645 1.0311712203827605 6.32644426243641
10.709072060309447 -7.9138912449789665 -0.9531058591934538
10.804707713516025 -8.201866008905164 -0.0045253736449672455
10.41580670240158 -9.368771056406203 -0.3236054431835681
9.899935449447591 -9.65201545592844 0.6763676828063104
10.177878119448687 -8.683908451493211 1.0788290002582006
9.953761732211222 -7.644267587940121 1.4832322544825092
9.811904296989981 -9.18193705733617 -1.3434960601600099
8.345894551257183 -9.940777301915961 -1.2467525954684078
9.223347522410116 -10.260322924313584 -0.44731964966344184
8.435876804851004 -8.521423412698404 -1.946987180587687
-1.9189238896227203 19.824438010562055 -1.685511331565089
-2.474414655161936 19.861695816834747 -0.11381482679217211
-2.8238996454940946 19.19768218400911 -0.8300322078408574
-3.001291160695446 18.113575674540485 -1.1619080094524261
-2.9137476905650725 17.153359056495106 -1.2968019518220424
-2.060886154900071 17.179996031908622 -1.8853634625691813
-3.7469252602373975 17.543571518848523 -0.17123879136590797
-3.279399066258045 18.698920337346344 0.6244525417111082
-3.5828549072245517 17.587499166846648 1.4246852691744403
-4.2159610437442 16.576960273681394 1.1089902054063931
-2.987739506589593 16.02904919008877 -1.1484788556307537
-3.1179279892996243 14.862324223874696 -0.9885790632468253
-1.975726180572083 18.33891648329903 -2.0405267167388184
-1.1265854228288124 18.311118613719692 -2.5511676399608367
-1.7016510241976324 16.035168422895993 -1.781346273308891
-3.7857976428709295 16.15344017243944 -0.47139823246391355
-4.631446095518932 15.695812361825093 1.0304673795464807
-2.163813695404248 14.329643209289458 -1.2978940437747175
2.8826516916937073 20.38124164699247 -3.9970921374065513
-2.7080768311846533 -7.1364881345125415 -0.15552302740184665
-4.199150090715231 -7.279855415579958 0.7945329217070434
-3.2866406061010034 -6.291263082683827 -0.15164567834743892
-4.074782696052446 -6.014314371362955 0.2280700657068233
-5.029531331933022 -6.255073296929588 1.170675587081582
-5.112527725479466 -5.069157070500233 0.4803765767571857
-5.901283041941289 -4.502200607467141 0.7868370862607996
-5.945860928882593 -5.263325520155734 1.4587036642326687
-6.7078870919831965 -4.196971290835263 1.572052432724067
-6.840390898250811 -3.125162948159457 1.1230206547872088
-7.520543176368204 -1.9700032781872068 1.6848332445601004
-8.01727252442804 -0.979900927086524 1.9909035754236932
-7.55815336729057 -0.7807706478422669 0.9987404394654562
-8.225542771387873 -0.7241378781271088 3.06227978150598
-7.9458597035972085 -0.7912304453138372 3.8412313797490905
-8.332251527373458 0.010767021166218527 1.915238698121138
-8.580805506677416 0.86667166735052 3.054065829725534
-7.0236818136533925 -0.23060867634712978 5.040670098791216
-6.7776384156408955 -1.8538965449757177 0.5754077292754297
-3.703846235262609 -4.86184838051635 -0.5079714939843842
-5.138116058223017 -3.8717627706648345 -0.15873192055223131
-4.148287243476602 -3.726556570168839 -0.7465765900502419
-2.9957364417522387 -3.3750962295581006 -1.1707704866674729
-4.544556682767135 -2.6196025179478033 -0.7749815556337007
-4.048151540228841 -1.5883846431137845 -0.9991176275327736
-3.670711951431313 -0.34445525332707705 -1.1149250753166795
-1.9703379727994106 -3.011500368380108 -1.35039370302168
-4.878787522413512 0.1124252798313084 -0.9054772715231248
-5.650465232489935 0.8848710466794445 -0.703806973254882
-6.665052161271277 0.5349385826438224 -0.24711926583108612
-6.5762119856468635 1.6400892567617749 -0.3547535000814323
-7.493072056991793 1.5256301335792428 0.2247951955082086
-7.194489240424588 2.5770736860845704 0.0772650745471995
-6.673831620201257 -0.5557226877083357 0.027633798124010567
-7.511901706408693 0.4713148871363271 0.4066906935994219
-8.238115678922295 2.5996916222151216 1.0986324615137053
-8.6343236561479 2.0820081968160995 2.4204064256890963
-8.294318746427928 1.1503166747062825 1.282347507919016
-5.980840438406708 -3.1523052016542517 0.23386746371549294
-2.369269592758972 -5.433560385894057 -0.8190077738019017
-4.314655541798304 1.5202187638844906 -0.8656509905699029
5.452487920865163 23.572246532302557 -1.4171652997721933
1.2407103079832997 4.55233184379597 5.671444566898954
-1.4941110240794577 17.814667737178986 2.4471832241489784
-2.4802214931700597 18.283462978465664 1.8931618907493715
-0.1297506482534286 17.918225459384573 2.546742015556105
-2.407852135702525 19.461212886729193 0.9087768531736329
-1.5025596909004215 19.33187137605981 1.6155159717428484
-0.3353795535043219 19.207368980928948 1.9456488859027397
-5.778458755053604 -1.283114213106201 -0.3636155990904108
1.3528466431308699 19.048680382237826 1.8963116583142343
1.578727258506261 13.93392850473241 -1.4451087205733857
2.5194130729729465 13.402043601848883 -0.946449011164525
2.2461158224019373 14.657053753679884 -1.6059044549910586
3.5918818013169647 14.265233404881146 -0.8758409187155431
4.622319588758099 15.162082693797556 -0.7737447767583232
-4.531455075379092 15.27980800317975 2.2782482187059365
-3.5231305012112726 16.19615276984298 2.4307114716300564
7.912178482783568 -5.1359978814342755 -1.7761864770565206
5.884043488555373 -11.10960279409977 -0.11949925617273283
4.5172574130357 -5.0458616135775625 -2.7355854233519885
2.890496920571859 -5.065867350656087 -2.20263033743879
3.5516596287965547 -3.6907939708115505 -2.2816472179638314
3.0947557589608885 -6.085329738759664 -2.239860992538021
6.76667764197667 -10.026302141387633 -1.1852951500134479
1.228715336282027 -2.2862729715705417 7.512978983986464
1.6251883998863899 -3.4090186560061704 7.6502840266045045
1.3739594617526216 -4.453360542355334 7.816299984011768
1.7427958174115448 -5.479273709243142 7.714402456208231
2.151363665898328 -1.014933065682071 6.883035188586634
0.7805817261450492 -0.571112376451459 7.057926397005187
-0.471990783839258 -0.8712188099060039 7.282547937536822
2.1787706804466276 -0.06762612735451101 6.631979207373251
-0.14005724852974402 0.06542276611155184 6.9476778837588276
0.38919197845442144 1.1455071558540633 6.589903018376685
0.39312811499268374 2.2587479590231796 6.338833465795069
0.8932524789559312 3.2149997870368123 6.080238881752901
-7.3266211841842 4.030226340159048 0.37225409003694254
-6.097938403856594 4.239255766676354 -0.04253816781542996
0.2443414514336233 -3.3570057760107557 7.939439900844099
5.537095910097606 -12.060214602881992 1.3933613669023344
3.4212405011334983 -13.030764175373118 4.23367298733197
2.4818303207600425 -13.385012427813187 4.1628630439986605
-2.9808377846351224 0.40229109504622496 -1.0757117298026762
-2.622362696435782 1.4284678778630702 -0.7924047969274909
-3.2122856092224503 2.36952573361938 -0.5427304504947218
-2.6142605029354167 3.2329395091802753 -0.09602061607190268
-3.160760984350791 4.283090028389336 0.056532716627534285
-3.478174417756738 14.944481530048051 3.012533812470159
-1.8390773673676626 -1.0303346255066135 -1.2686082072036318
3.467466096358375 -1.0656407815075193 -1.7032607715178143
-8.496129327875478 3.040787675675589 2.673329882474465
-0.1991537783287045 -0.06679688933068328 -1.2360194341131185
-5.6192618681784685 2.5716480350302495 -0.45296346698486745
0.10712627543486161 -11.040539782172855 6.593332367999777
-4.575369340194372 3.711637590806442 -0.22381877099307607
-7.173055142260147 9.130454899815327 2.7657738888867964
-8.223132459560265 3.932849076730187 1.581213293393155
0.5144904199410791 -6.475311758760286 7.84076211611599
1.3669563959872941 -7.531076587510395 7.602169682284092
2.210804284502185 -8.56390083860202 7.2813231762551425
3.0514406860314605 -9.5881763987776 6.929825103806788
1.2013678306506068 -9.495018853951853 7.230005479282889
2.0249433862127617 -10.77447049499445 6.866706611215706
5.935185556263141 18.144831850503834 -0.5357523894702931
1.234708832182061 3.642213520379042 0.9027301558810343
7.785911540376933 -11.105694163371718 -0.04337550542241625
2.456822112588539 21.483328043989843 0.4150107756920859
3.1989786984655573 22.56885246136153 -0.2517546488300787
2.27523046611746 20.332015820521562 1.056226635172685
299 389 390
528 529 531
580 585 582
299 292 298
298 292 297
94 95 353
182 179 180
185 182 180
255 253 265
287 258 288
648 586 642
586 587 642
184 186 187
52 70 67
44 52 67
265 253 251
251 253 252
357 354 356
440 66 659
353 639 352
547 382 548
382 547 381
378 478 377
357 595 540
595 594 598
421 206 154
156 421 154
628 369 629
291 283 246
580 582 581
250 252 417
582 588 586
647 385 384
582 586 583
637 514 515
246 245 248
246 248 296
379 378 391
456 289 555
289 558 555
576 640 575
172 619 649
320 561 560
320 560 559
574 575 573
122 123 360
400 648 642
576 578 591
576 591 634
244 236 237
603 604 605
202 201 231
202 231 238
186 406 405
646 591 644
514 637 475
637 476 475
186 407 406
250 417 238
399 498 387
399 387 389
581 583 644
644 583 629
92 94 353
617 188 200
469 472 465
456 448 447
290 456 447
566 564 567
423 424 457
424 197 187
187 197 184
239 240 278
487 111 486
302 306 274
302 274 275
185 191 189
381 380 382
574 573 572
551 590 327
1 21 8
569 600 589
600 569 584
568 322 247
244 243 236
340 491 430
294 292 291
584 563 585
90 94 92
51 16 19
560 557 559
557 560 589
376 629 369
381 543 549
77 46 65
621 625 624
277 276 284
394 382 393
485 470 483
202 145 201
284 280 277
328 418 326
348 349 404
647 384 492
647 492 390
389 647 390
78 109 108
395 397 394
452 445 446
74 36 40
599 601 41
126 127 129
127 204 129
114 115 116
296 295 246
474 477 475
622 621 624
629 376 646
581 582 583
655 75 77
116 460 462
595 539 540
540 539 538
658 441 659
135 134 102
134 101 102
112 113 98
480 378 379
147 148 248
241 147 248
290 447 446
575 578 576
119 459 117
119 117 118
5 2 50
22 8 21
297 293 150
538 547 541
547 548 541
34 32 73
32 33 73
354 608 639
597 539 595
537 536 535
650 172 649
74 73 36
110 488 486
585 588 582
252 250 251
579 580 581
300 298 297
386 387 499
387 498 499
643 640 634
127 133 214
204 127 214
533 34 532
34 73 532
441 440 659
45 47 44
47 52 44
285 276 279
365 285 279
349 351 350
658 435 441
14 63 57
646 637 636
154 206 153
4 3 10
10 3 5
578 600 584
4 38 37
134 115 101
658 659 27
347 531 529
379 391 392
429 428 203
203 428 205
69 71 546
93 106 91
89 93 91
298 389 299
409 516 410
410 516 525
46 47 45
97 92 96
57 56 58
580 584 585
264 255 265
282 279 246
279 245 246
333 332 577
235 243 233
319 416 513
513 416 192
330 331 334
86 85 83
623 342 521
380 381 482
381 549 482
560 569 589
566 585 563
585 566 588
578 584 579
579 584 580
121 122 360
660 41 601
39 42 43
645 271 493
271 274 493
70 69 67
624 202 622
238 231 232
286 257 258
287 286 258
303 304 358
303 358 359
261 260 237
160 174 155
567 281 587
191 181 190
654 518 652
107 108 91
108 109 91
78 606 76
606 78 108
425 346 615
11 15 10
15 16 10
631 413 319
319 413 416
406 411 510
510 411 527
358 308 309
511 424 187
210 208 423
180 191 185
304 451 307
451 450 307
572 571 574
571 589 574
415 615 657
136 102 137
333 640 643
591 646 636
343 418 341
439 58 592
58 439 18
48 75 606
463 489 104
489 488 104
414 412 413
217 641 432
50 2 61
632 319 513
324 327 325
327 324 454
169 179 176
552 454 448
244 237 256
101 151 102
301 558 289
147 146 148
514 656 490
556 557 571
533 534 539
73 74 532
479 484 483
646 638 637
597 595 598
528 503 522
577 573 575
640 577 575
558 559 557
429 431 430
444 453 272
600 575 574
575 600 578
137 150 139
282 365 279
375 373 383
522 503 502
400 365 364
621 623 625
281 642 587
285 642 284
642 281 284
355 353 95
498 403 396
498 396 499
583 586 628
628 586 648
488 110 105
583 628 629
242 243 244
249 242 244
366 367 364
376 638 646
109 85 91
295 294 291
239 234 230
649 254 269
254 649 253
357 594 595
391 378 377
545 532 74
40 545 74
87 355 95
211 212 209
210 423 457
225 210 457
357 608 354
634 591 635
118 117 116
636 637 515
636 515 635
448 454 449
234 235 233
234 233 229
23 3 4
3 23 20
231 201 146
557 589 571
38 39 36
36 39 40
591 636 635
152 99 351
241 248 245
137 139 138
534 533 532
544 534 532
568 278 280
363 366 364
366 363 492
572 570 571
627 626 520
643 634 635
515 643 635
133 206 213
656 477 130
334 333 339
335 334 339
224 219 215
656 130 131
627 142 143
468 469 465
519 517 518
325 327 326
171 169 170
448 449 447
524 530 528
168 166 167
590 329 327
329 328 327
264 286 266
266 286 442
420 419 423
338 614 341
250 238 242
242 238 232
640 333 577
642 285 400
577 590 573
590 577 331
332 331 577
555 554 552
288 290 287
554 556 570
570 553 554
553 570 590
555 556 554
445 452 453
453 452 275
590 331 330
183 186 184
451 303 275
303 451 304
88 90 89
493 274 306
266 268 254
266 254 255
324 325 323
266 442 267
454 551 327
530 529 528
303 302 275
169 168 172
552 553 551
552 551 454
264 266 255
618 617 630
327 328 326
323 314 308
314 323 325
425 315 344
255 254 253
590 330 329
588 587 586
259 262 301
570 556 571
578 579 591
232 233 243
573 590 570
570 572 573
551 553 590
301 559 558
288 301 289
301 288 258
555 552 456
554 553 552
261 237 236
448 456 552
317 631 319
318 317 319
588 566 567
588 567 587
168 619 172
442 286 287
257 256 260
97 100 112
100 115 112
261 247 322
367 400 364
567 564 565
280 567 565
567 280 281
285 284 276
646 644 629
202 625 626
202 626 145
6 8 7
450 449 324
281 280 284
565 564 321
564 562 321
560 561 569
569 561 563
562 561 321
569 563 584
589 600 574
256 237 260
562 566 563
561 562 563
320 559 262
272 271 270
555 558 556
558 557 556
634 640 576
449 454 324
321 561 320
564 566 562
449 450 452
262 559 301
240 241 277
277 241 276
452 450 451
258 257 259
568 247 239
247 234 239
288 289 456
230 147 240
147 241 240
376 372 375
375 372 373
301 258 259
288 456 290
443 445 444
446 449 452
306 302 305
171 180 179
268 269 254
180 652 181
306 305 497
446 447 449
302 303 305
182 184 176
184 182 183
324 323 307
324 307 450
185 186 183
654 653 645
181 652 518
273 272 453
290 446 445
497 496 495
275 452 451
268 270 269
273 271 272
243 242 232
343 314 418
444 445 453
304 307 308
342 160 159
119 118 121
119 121 120
444 272 267
267 270 268
275 273 453
273 275 274
274 271 273
442 443 267
287 443 442
458 468 459
468 461 459
267 272 270
443 290 445
443 287 290
266 267 268
417 252 630
396 397 395
250 249 251
443 444 267
261 322 263
250 242 249
257 286 256
233 231 229
239 278 568
246 295 291
260 263 259
321 322 565
322 321 263
294 149 293
624 625 202
280 278 277
239 230 240
137 138 136
649 252 253
233 232 231
460 459 461
170 169 172
246 283 282
140 295 141
276 245 279
515 491 643
649 619 618
249 265 251
265 249 244
244 256 265
286 264 265
256 286 265
238 417 622
236 243 235
238 622 202
282 364 365
230 234 229
247 235 234
432 212 211
138 593 136
121 118 122
201 145 146
229 231 146
278 240 277
579 581 644
259 257 260
229 146 147
147 230 229
263 321 320
320 262 263
235 247 236
247 261 236
259 263 262
260 261 263
396 395 499
499 395 393
591 579 644
648 400 369
400 367 369
467 383 478
478 383 374
384 370 492
370 367 366
370 366 492
280 565 568
322 568 565
400 285 365
601 599 596
547 538 536
542 547 536
136 135 102
480 482 481
20 0 3
648 369 628
356 594 357
370 384 371
384 401 371
368 370 371
367 370 368
593 138 142
367 368 369
294 293 292
656 514 475
626 143 145
474 472 469
637 638 476
380 482 379
212 206 209
209 206 207
217 216 218
627 593 142
477 656 475
476 473 474
475 476 474
351 349 152
146 144 148
282 363 364
145 143 146
146 143 144
383 467 471
298 348 399
477 474 469
283 291 362
291 299 362
349 300 152
120 125 124
124 125 129
143 141 144
141 296 144
389 387 647
296 141 295
363 282 283
363 283 362
139 149 140
139 140 142
248 148 144
138 139 142
142 140 141
143 142 141
78 84 109
143 626 627
151 150 102
296 248 144
241 245 276
492 363 362
150 149 139
492 362 390
362 299 390
399 348 498
348 403 498
389 298 399
384 385 401
152 100 99
295 149 294
149 295 140
92 353 352
466 465 472
372 368 371
369 368 372
486 484 487
92 352 350
478 374 377
351 99 350
50 61 64
473 383 471
297 150 151
102 150 137
82 81 361
292 299 291
293 297 292
150 293 149
348 404 403
549 546 71
473 472 474
96 92 350
404 352 639
387 386 647
99 100 97
100 151 101
78 76 79
386 385 647
388 401 385
388 385 386
393 392 388
354 353 355
113 112 114
113 114 463
300 349 348
130 129 131
151 152 300
151 300 297
466 483 465
151 100 152
347 615 346
356 354 355
534 544 535
438 434 436
437 438 436
383 373 374
478 479 483
349 350 352
398 404 639
350 99 96
435 660 81
51 19 65
596 87 361
349 352 404
659 66 25
27 659 25
56 7 55
22 30 24
69 70 71
71 70 72
197 177 184
177 197 195
471 467 466
541 608 540
608 541 607
300 348 298
598 599 41
353 354 639
543 542 549
380 379 392
460 461 462
111 487 481
404 398 403
392 391 388
391 401 388
375 383 473
533 539 597
39 43 40
374 372 371
543 381 547
542 543 547
499 388 386
397 607 548
607 541 548
403 398 396
607 639 608
639 607 398
380 392 393
393 382 380
29 27 28
598 594 599
540 608 357
68 546 537
68 537 545
538 539 535
536 538 535
541 540 538
539 534 535
26 27 25
340 641 339
544 537 535
85 109 84
83 85 84
26 28 27
35 26 30
55 53 54
35 33 26
34 597 598
502 505 522
532 545 544
612 337 336
596 594 356
224 609 220
609 221 220
42 39 38
395 394 393
15 17 19
17 15 13
382 397 548
482 549 72
549 71 72
596 356 355
660 29 41
67 68 43
68 67 69
44 49 45
473 471 472
478 378 480
382 394 397
536 537 542
393 388 499
40 68 545
545 537 544
375 473 476
397 398 607
398 397 396
466 467 483
377 401 391
487 484 479
601 81 660
638 375 476
374 401 377
371 401 374
45 51 46
638 376 375
478 480 479
374 373 372
369 372 376
487 479 481
483 467 478
626 625 520
72 111 481
482 480 379
4 550 38
479 480 481
213 431 214
48 46 77
482 72 481
472 471 466
99 97 96
270 271 653
42 44 67
213 214 133
32 29 28
20 23 31
533 597 34
542 546 549
546 542 537
69 546 68
47 46 48
68 40 43
107 106 605
606 107 605
7 8 55
55 8 9
73 33 35
73 35 36
117 460 116
46 51 65
440 441 438
441 434 438
16 550 4
10 16 4
596 599 594
42 49 44
37 38 36
602 70 604
70 52 604
433 79 655
8 6 1
122 135 123
37 36 35
87 596 355
228 223 227
1 6 2
205 430 490
9 53 55
57 58 14
35 30 31
37 35 31
660 435 658
24 53 9
22 24 9
33 32 28
33 28 26
23 4 37
53 24 25
53 25 66
29 658 27
88 86 90
86 95 90
12 14 13
11 12 13
79 433 80
30 26 24
334 335 336
32 41 29
34 598 41
32 34 41
20 21 0
604 512 605
203 204 429
433 434 435
550 42 38
458 469 468
512 52 47
88 85 86
15 19 16
26 25 24
60 2 6
2 0 1
8 22 9
60 61 2
23 37 31
31 30 22
22 21 31
5 0 2
3 0 5
59 7 56
21 1 0
361 81 601
12 63 14
7 60 6
76 655 79
31 21 20
49 42 550
52 512 604
603 110 111
110 486 111
333 334 332
223 614 611
338 612 614
464 468 465
655 77 65
42 67 43
206 421 207
216 215 219
218 216 219
345 227 226
223 228 614
228 341 614
72 602 111
198 360 593
80 433 435
430 432 641
332 334 331
72 70 602
129 125 126
360 198 199
623 621 620
621 616 620
409 412 414
658 29 660
512 47 48
489 470 485
98 93 97
93 89 97
328 338 341
338 328 329
435 81 80
108 107 606
522 524 528
524 522 523
483 470 465
51 550 16
477 458 130
458 477 469
88 91 85
435 434 441
83 82 361
134 118 116
483 484 485
79 84 78
603 605 106
603 106 110
603 602 604
86 87 95
98 97 112
512 606 605
464 465 470
104 105 103
596 361 601
76 75 655
115 134 116
512 48 606
606 75 76
49 51 45
49 550 51
50 11 10
123 135 136
511 187 405
612 336 613
613 336 335
64 61 62
75 48 77
50 64 11
50 10 5
53 66 54
158 153 427
153 158 154
657 529 530
655 436 433
655 65 436
433 436 434
592 440 439
436 65 437
19 437 65
437 19 17
118 134 122
420 157 419
190 181 517
192 190 517
612 611 614
59 57 63
62 59 63
175 177 173
438 437 18
405 187 186
62 61 60
15 11 13
59 60 7
59 62 60
62 12 64
12 62 63
64 12 11
507 509 506
66 440 592
592 54 66
56 55 54
59 56 57
437 17 18
14 58 18
14 18 13
17 13 18
90 95 94
90 97 89
56 592 58
56 54 592
438 439 440
438 18 439
82 84 80
98 113 103
103 113 104
462 470 489
462 489 463
214 429 204
613 218 611
612 613 611
84 79 80
423 422 424
203 131 204
106 105 110
105 93 103
488 105 104
106 93 105
91 106 107
488 485 486
486 485 484
100 101 115
82 80 81
82 83 84
114 116 462
602 603 111
86 83 361
86 361 87
521 159 198
159 521 342
88 89 91
113 463 104
488 489 485
462 461 470
461 464 470
98 103 93
92 97 90
463 114 462
135 122 134
224 225 609
155 159 160
124 129 128
627 198 593
427 161 158
427 199 161
126 125 426
426 125 199
124 119 120
130 458 128
114 112 115
461 468 464
507 504 508
164 178 174
511 405 510
155 156 154
155 154 158
625 623 521
423 419 422
128 459 119
459 128 458
593 360 123
649 618 252
125 120 199
656 203 205
506 527 523
427 426 199
425 313 315
195 197 422
630 252 618
214 431 429
656 131 203
209 208 210
215 209 210
168 167 619
126 426 132
174 156 155
155 158 159
593 123 136
340 643 491
490 656 205
159 158 161
198 627 520
159 161 198
520 521 198
198 161 199
616 200 620
625 521 520
165 166 173
166 175 173
347 455 531
129 204 131
459 460 117
360 199 120
360 120 121
124 128 119
200 188 164
200 164 163
340 339 333
129 130 128
315 312 311
311 312 316
210 224 215
157 420 421
425 344 345
219 224 220
133 132 153
225 507 508
225 508 609
132 133 127
504 609 508
156 157 421
426 153 132
422 197 424
426 427 153
132 127 126
186 196 407
325 326 314
222 221 500
500 221 609
196 412 408
180 181 191
193 412 196
507 505 504
311 310 314
217 432 211
502 504 505
157 194 419
171 652 180
194 157 174
174 178 194
208 420 423
609 504 501
609 501 500
523 505 506
156 174 157
630 616 417
417 616 622
422 419 194
195 422 194
641 217 339
163 620 200
194 178 195
164 162 163
344 315 343
653 269 270
490 430 491
307 323 308
178 173 195
205 428 430
160 162 174
431 212 432
431 213 212
342 162 160
163 162 342
623 163 342
418 328 341
164 174 162
491 515 514
616 621 622
163 623 620
337 334 336
491 514 490
167 188 618
618 188 617
167 618 619
165 178 164
171 170 652
649 269 650
429 430 428
169 171 179
182 185 183
617 616 630
414 631 415
200 616 617
195 173 177
170 172 650
170 650 651
179 182 176
184 177 176
177 175 176
358 304 308
166 168 175
303 359 305
306 495 493
314 315 311
164 188 165
165 188 167
166 165 167
613 217 218
178 165 173
343 315 314
425 610 402
313 425 402
518 517 181
192 193 190
502 503 501
501 503 531
650 653 651
414 413 631
654 652 653
653 652 651
418 314 326
168 169 175
175 169 176
318 632 633
318 633 359
633 632 496
632 519 496
495 306 497
318 319 632
494 496 519
610 415 631
170 651 652
193 196 190
645 493 494
496 494 495
358 309 317
645 653 271
513 517 519
517 513 192
305 359 497
408 407 196
494 518 654
494 519 518
650 269 653
645 494 654
494 493 495
416 193 192
416 413 193
413 412 193
531 503 528
519 632 513
497 633 496
633 497 359
191 190 189
405 406 510
402 631 313
631 316 313
414 415 657
358 317 359
359 317 318
507 225 457
316 631 317
185 189 196
414 516 409
414 657 516
657 530 516
516 530 525
409 410 408
209 207 208
208 421 420
527 506 510
190 196 189
309 308 310
308 314 310
196 186 185
408 412 409
406 407 411
506 509 510
510 509 511
526 523 527
505 523 522
525 530 524
407 410 411
410 407 408
312 313 316
313 312 315
613 335 339
610 615 415
657 615 529
615 347 529
346 425 345
402 610 631
206 133 153
411 410 525
525 524 526
526 524 523
411 525 526
527 411 526
502 501 504
457 509 507
222 455 226
344 227 345
509 457 511
457 424 511
338 337 612
507 506 505
208 207 421
338 330 337
330 338 329
213 206 212
345 226 346
228 344 343
610 425 615
309 310 311
317 309 311
317 311 316
222 500 455
341 228 343
430 431 432
218 220 611
220 221 611
641 340 430
346 455 347
455 346 226
210 225 224
330 334 337
613 339 217
218 219 220
340 333 643
216 217 211
211 215 216
211 209 215
223 222 226
227 223 226
221 222 611
222 223 611
344 228 227
455 500 531
500 501 531
