753 1502
3.1153917429877556 25.875397050972175 -5.452408133935265
3.275062395603948 24.837119890655472 -5.45175540749875
2.9970949762153705 26.746762615795127 -4.772462799664207
4.325279589257349 26.93517874866804 -5.134300868171028
1.6797668345918084 25.754388700523805 -4.608150851453858
1.6807517478991278 24.75860705539407 -4.726983405194402
1.9904548276907117 23.859765126649947 -4.628329056617422
2.782601060009565 23.574490438527285 -4.86590130184098
0.8534234778553556 23.59223260652361 -3.878662870663674
0.7130100676683496 24.626117396316733 -3.891090313283911
0.877392525729662 25.639735615876358 -3.5571211170943497
-0.1378034900096632 24.534494917873477 -2.855077876718018
-0.4472148693714286 24.56050273288196 -1.844346357795246
-1.14156414855324 23.44293170510183 -2.1455041908996884
-0.19353047943545099 23.331690838170378 -3.0860383696472775
0.05886695713686396 22.447761355521838 -3.053981694548222
0.7891735274555219 22.295888288401372 -3.3076247459646204
1.8911957975481446 22.63926173158178 -3.934750906090584
2.7095325363517224 22.44293818872145 -4.1438173162694865
2.070392905647201 21.46440861757632 -3.2454370788931177
0.7362322317442296 21.37485318194505 -2.867768222551131
-0.32948533310420647 20.995497491694135 -2.4718702157756844
3.625304385590371 21.92096637434231 -4.047126135907585
4.861299481963969 21.594582306633846 -3.952606287772414
3.7059674961858944 23.123772760874225 -4.882439471148974
5.023990547446957 22.63338601343486 -4.80512910673827
1.2003977573989388 20.312065324095 -2.5471024636039274
0.15879110417803977 19.225674295628984 -2.1947641208486734
0.21750485580891488 18.150200272377894 -2.1015404185056603
0.935642432735932 17.156531986675667 -2.1394375350316963
0.5039154437265034 16.11262909599408 -1.9427729146027093
0.14433251158470517 15.110437937796855 -1.709811061526688
1.3760553434425762 14.533991019134893 -1.728650970527448
2.3367853905502125 15.019514145718166 -1.8199067146828836
0.4106474416435491 14.006473520812477 -1.5660919970081135
0.36792607197701305 12.967908918603076 -1.45436541630127
0.5240292211065557 11.803763217923628 -1.3511910603672397
-0.5976136399758956 12.438799732563172 -1.2901336303915762
-1.9354909041983122 13.033846895157383 -1.221104021560851
-0.1905717346552842 10.88899679194491 -1.152293595608667
0.23725701092165752 9.842923453734482 -1.0701357962263318
0.663708425842137 8.828518677604956 -0.9307199996646445
-0.726907445528735 9.321122809317167 -0.9310152969553922
-2.158677537991709 8.840186590803663 -0.8015070029372156
2.606292280286243 14.11555868402865 -1.5795961990504797
2.2426120275822106 12.910000301100315 -1.4254977767797095
2.495878043567485 11.796978702195961 -1.288067935517553
2.154495802558031 10.82295429396453 -1.1496946525949565
1.6432852088821983 9.799542924174638 -1.0487539405785493
2.3730855085660485 8.77583234297012 -0.6982825010912929
1.552967672984742 7.704331559834347 -0.7298465863442761
2.384466951165508 16.07647766258831 -2.0287596096874427
1.9589030097587818 17.046077027100573 -2.22516390530438
2.473321707317937 18.16626311490742 -2.3190240332903027
2.7557805419507444 19.28962572771194 -2.473618352981795
-1.6078918148011627 10.131815954351168 -0.8787085745619727
-2.571315205041106 10.426650648230568 -0.782489060919396
-3.3790814135843332 11.213775586005648 -0.7484254398805552
2.5569115357612313 20.041597042356504 -2.666723975434711
3.0795138066461254 9.628873097453534 -0.6979239581339863
3.941381569811602 9.344587055097763 0.2333952893777519
3.872140087616234 9.302716238928394 1.2087999170347559
3.8160603845336896 8.471266317495186 0.25644855705993985
3.919240194504903 10.618479725983287 0.9972015708946533
3.9457501215486577 10.699019148876223 -0.3251613575441345
4.2301107503385555 11.573122420544637 -0.04809641873955517
4.795114479829491 12.590205525247407 0.29575958881958164
5.18165835491393 13.652061420613325 -0.4387225964098172
5.783886939801454 14.992860318035111 0.4829397143037605
4.901148322512188 14.373136465051081 1.1912055550033245
4.5812129657510265 13.37543583219313 1.1294249917738297
6.0376259833971675 15.344782027889222 -0.37799240147105007
4.037785582937951 14.317350182355504 1.609930403950553
4.546387615266121 15.360261770632237 1.4072015837158431
3.8386166561296315 16.295220590935497 1.6523938628727335
5.317393179228288 16.45313404812404 0.9042789714997514
4.845066430423755 17.41512601644068 0.9774136192052929
3.4028666361052924 7.522390831009376 -0.047490830139236107
3.057157160901742 6.573261586838317 -0.35998349123507717
4.085229170432927 6.40170885487966 0.38829853287684213
3.507075288321479 5.508773585048484 -0.5007961278505675
3.3356378044128077 4.664814539763751 -1.0736247116757325
4.640974645351276 4.472048482885387 -0.5664569170807414
4.253678070752631 3.6841628277094713 -1.4060289069316263
4.102880668320599 2.830565039403043 -1.8967691548338388
3.074738488328692 1.8849564943887733 -2.1601582079899773
4.957969398041944 1.8287838882405882 -2.003050519014792
5.546726291971633 4.266223822238579 0.7064714751786734
3.6875456679838834 0.5368927777461878 -2.336891400678363
-4.444443429057893 11.640340193782643 -0.6166562887291097
-1.4743196169734467 14.026246280464907 -1.393643668502098
-1.4322934297599932 15.062232231416717 -1.4917577673247058
-1.1476850175771398 16.102868542856967 -1.6255368542059598
-0.8740824259808528 17.14008051571998 -1.7882136542065046
-1.3038095929597315 18.179112009427808 -1.8331981520650056
-1.5312302196951684 19.196327010749087 -1.9170324941403936
-2.312831993184653 16.652950044258777 -1.505819373990239
-1.2155012806847831 20.26687052883798 -2.1127625682813522
-2.2298982683091113 20.447491372333204 -1.7682342658855075
3.814499109042453 8.14295627488441 1.6159344466865118
4.16328056707998 7.2401390781934145 1.3199890201071727
4.612600184962739 6.036057075258587 1.592529441069179
3.8091738412371026 6.3966564626585 2.5689182413139706
2.9599914845560518 7.150907239804824 2.768322590960074
5.016609321357639 5.155307425816885 1.4463190625669506
4.655252464994409 5.062202174360748 2.4360568290503632
4.720897057521676 5.393554084540504 0.49693194795034645
-3.246796306567335 17.6013991724873 -1.4192738384429715
-4.190564799221707 17.108694040378612 -1.1380797605258606
-5.142937765187753 17.011630433256933 -0.6461551494485464
2.653744316998649 5.839645440298239 3.3413565931953846
1.7915877608487818 6.394682214860127 3.4181665727406063
0.6909046491046356 6.944657915680221 3.6187497729311238
0.7945464947386777 5.479962266504926 3.977895903984397
-0.15748579680613695 5.789620590923127 4.163083235528544
-1.064429753197623 6.367788040591066 4.276904888769174
-1.872813053488126 7.164988408943176 4.295461387784155
-2.9633818924599336 7.572565085080017 4.414872480748454
-0.21318025196556867 4.411277423822985 4.6527032583491446
-1.1508760711479074 4.586418480987412 4.766648986150979
-1.22349428999009 3.417444380943439 5.44772097597333
0.9190129200302394 7.985818441943109 3.2241828466406472
-0.29629682611852304 7.915578228035837 3.689909686713335
0.715180979392675 9.036001942261818 3.007470214675479
1.9304837083993371 9.111925142875249 2.511915404007101
2.8870071267760764 9.1617087595627 2.09440307097801
1.793295142002067 10.248563192330131 2.397453397025492
1.5678769501895644 11.174909150513784 2.428190260004566
3.1377466208223748 10.9168262931918 1.7718196642579611
3.4454859616480986 12.285738995618038 1.669122186429895
3.0634816065520294 13.301655786646354 1.9416179433149534
1.6152643143202097 13.215994779936354 2.3991581259559593
2.6136728298080723 14.26489202222786 2.0933375250171125
2.158561305757034 15.415056226835521 2.230090203240138
2.166867805568688 8.083740217490991 2.7310784920488675
-0.30118077040282865 2.968244264257006 5.456266403783155
0.5361042360259205 2.1614731403301626 5.518536293918173
2.148301144440392 2.6715410514257765 4.721672255295287
1.5444615363923924 1.4660054680399028 5.355755126387007
2.6603529211318513 4.792994916407433 3.689696796860585
1.3838857216847578 4.713697465874322 4.068621243874291
3.676475899086653 4.90176993834378 3.2761421301718707
4.170693665943587 18.450084203198383 1.0234607758122987
3.2539205087063223 18.435992706592017 1.4894508506664854
2.351725086783394 18.694696478784444 1.885989800935832
3.2128459267510205 17.377273611855966 1.7634217366515956
2.244308351163344 17.316780254350878 2.1653241375818553
1.3036249501406947 16.802564571629098 2.5208090863172954
3.2636235001781317 19.466079273723302 1.170413225510476
0.6281595889920512 18.297866897089055 2.6729868658660294
1.2159782179981493 19.44375230013346 2.233418803348796
1.4354335745695015 20.462556343766725 1.8097560961681378
0.06273685910645965 20.44862800517384 2.198627573918845
2.3678122008096794 20.497701876555002 1.3320842439384852
3.5139654266764353 20.786830589729664 0.5970300474963497
4.3342907562760296 20.69776681087454 0.15285935314296895
5.270437235714326 20.73072115662783 -0.39270207584670724
5.542421059474984 19.735825794757748 -0.32006091913830653
6.252180625461652 18.873190950996566 -0.5944862070684396
4.429742162135123 21.82125244648362 -0.17916517616862787
3.4236810041146537 21.705980646578293 0.33976542888189143
2.581317864306726 22.012511330886444 0.6275120189581354
1.1254905193769076 22.721042086036714 0.7690831224707901
4.397601360722235 19.75293916215618 0.43214091789079234
5.3528269777847415 21.85008143459027 -0.6977574971760423
5.360401615550968 22.86206043756659 -0.9405422354891411
4.371088110257772 23.598922312466648 -0.7580155820812934
3.5539216655416457 24.06017882342458 -0.6695516550266825
2.5765700340720903 23.629073536903565 -0.15723396267804168
6.6245164271732255 17.771480659454216 -0.8585141402070982
6.1129280466582046 17.62515908351598 0.050170235504275074
6.202724803428873 16.594456086298116 0.03417785173625948
6.212910023809371 18.432989547599103 -1.7104981973027618
4.95578497474089 17.88814062093806 -2.058511900436531
5.021612670980717 19.283662590813492 -2.399299388969717
5.22282183312426 16.967363543940344 -1.7761432952547953
6.209553686146101 16.673437958039123 -1.1664464121311338
5.055486018111533 15.786355715258466 -1.4818559142287913
5.115620664789284 14.809525455026279 -1.1266347590188908
3.8079781454657056 14.87150399330273 -1.5769769563346658
4.6022999177432125 13.778286859998252 -0.9843747870039598
4.102461352172807 12.76528022569733 -0.9837059425984337
0.9977112013404815 21.53238968529635 1.4595464807442882
6.347563046914946 20.00783160186167 -1.901109444202281
6.311920068401466 20.96854151631414 -1.1988198484368193
6.444742754785195 21.963728072763928 -1.4531086450843012
6.472300139041532 23.136589662903496 -1.6923870781664199
2.7344684543804485 3.1421422607006155 -1.9053363871116076
1.4073069092802388 4.0526287970569745 -1.7488000003191926
3.4828795418845564 22.801163122003928 -0.06541166568847201
-3.75388069607632 16.095468019917703 -1.2293201732882786
-4.007294429796131 9.874891149249796 -0.6160296847898281
5.28709122681277 18.714834072764244 0.2726610768424592
-1.161519265965714 22.03721854803847 -2.31134122803559
5.583475177543152 24.134057962594074 -1.5432432114142487
-3.8799497360423665 12.987545485959254 -0.9351643222903231
-3.9988713171178736 13.983854408630961 -1.0461647685652904
-4.3390270342514325 14.964037154272875 -1.0418056845748676
-5.568577578353211 12.673341924916809 -0.4636023020057481
1.453504984524189 0.05862897825534527 5.852923258944741
2.5391221274070785 0.508879419961812 5.267865235030083
3.371712031686953 0.19025710831919704 5.052741806587837
0.5867345444938837 0.38287691142991204 6.082807651115441
-1.1599489915479533 0.2382387923678938 6.787901529268264
-0.24912391539664613 -0.7795217318527645 6.664077767864982
-0.2956972819696715 -1.7458285801834446 6.763840403853027
-0.369118945089951 1.3637303918480683 6.197772511485888
-1.3518665307685869 1.2935349635223503 6.604399674421397
-2.5544632669903553 0.9137954611978693 6.943674451269171
3.273797246685273 1.5909325259621823 4.67035320812977
4.368521293624763 1.0178748408438307 4.4265307675029435
5.139802422483894 0.3858244227963908 4.298221209184625
6.413947217054556 0.7706758721272863 3.6413088710546457
6.062265477153556 -0.6597873697665848 4.148740439114499
5.249143431725619 -0.5224175723030424 4.480228602783903
4.159600332175891 -0.7148104854301056 5.00299743189583
3.3276937772895696 -0.6379702817729339 5.367048636839716
2.0498129203643285 -0.7658145948163187 5.942615716168857
6.593670895068539 -1.4922403580859644 4.02862949174192
7.268731493092321 -0.25716617874296605 3.467764455914235
4.9988664620188565 -1.5994583795069206 4.823944494277181
5.477698103779677 -2.500827093608224 4.748673049910799
4.235098934789411 -1.6580709710895696 5.2428922559226905
3.2608593565734996 -1.7421813633577399 5.777405654522929
2.3094740261666145 -1.7891110168863198 6.211468628515493
1.2314388667149427 -2.1578553263844524 6.592264354380103
2.2372595228249432 -2.872793965008494 6.463906623631816
3.218550437964887 -2.803012496226788 6.054587142468899
2.574168556523954 -3.9038167259364602 6.4634634989606115
2.155823932893008 -5.216225467384695 6.867077111336783
4.121662981719968 -3.0645319436664717 5.637667466342826
2.447858251737255 -6.046612993334069 6.94125297733008
2.5457493463548526 -7.066106705280457 7.145235212787835
1.104818673794945 -7.544358424427455 7.484313090470815
2.1351981591121056 -8.034966616227816 7.438205387709521
1.9625552369777828 -9.676673993267578 7.56848560645033
2.981128661546049 -8.817248400753222 7.255587461692928
3.896610973027121 -9.07431257074575 6.7972276067270645
4.084150846678471 -8.032185906723864 6.645629704494035
3.883296726602981 -7.151167069696464 6.65141802442175
4.028554234562009 -5.944600693905161 6.38804765761604
3.8007804374838248 -4.932180485986731 6.2418496142639235
4.839031263074219 -5.879853341718303 5.930116785419363
5.031147896259563 -6.746662534575241 5.939345958038453
5.41776140867241 -7.891502785732598 5.713227367056293
5.7359185258907495 -8.860720622563187 5.40876678390512
5.708141531335224 -9.841978288901478 5.218048865408216
5.063305374823937 -10.860880362710478 5.3149323818827545
4.793117389755733 -11.747252330968951 4.889855053434879
5.1730272699690705 -4.610891172282428 5.423107552477898
4.895055896912778 -3.7339160062062935 5.350456083147016
4.696290756028692 -12.399225053173636 3.5183367255091804
5.751177542757898 -11.554460743672669 3.9516399969732765
6.037671424264678 -11.652468018183889 3.0913852130243225
5.418869867930246 -11.64565504830228 2.105700763659579
5.628517966546587 -11.033805773660958 1.4066604079086087
6.717306150313179 -11.04521818913179 1.9672959794284417
3.877974775796315 -12.671158006516329 4.256880975914424
3.065841108123304 -12.759839672960393 4.699361660127515
2.982800533197481 -12.571669101265682 3.346005322472841
5.552892720383322 -10.020015999588736 0.41076250541089965
7.229201187042776 -9.94944506614764 0.5897296362368813
5.472407027602515 1.7437962769205069 3.7514941188135733
6.342221183212852 2.0139090040458116 3.0820989363937947
6.0767181580417615 -3.6157253789062644 4.621183045262051
6.017369055668133 -4.699071756611296 4.906946802909571
5.967148942421697 -5.764892112225898 5.1581687346036
6.23323729016267 -7.105139949420353 5.031051145080883
7.253391578711503 -3.522187169043851 3.895747170568013
7.0607747855718515 -2.5353486652266306 3.903118618552374
6.8240563700949055 -4.612900524050963 4.337321896987302
6.993573088476676 -5.531810152223314 4.339398796414207
7.365340088353912 -6.611174930821421 4.055838733700615
7.927036587182176 -4.590990948248589 3.5423715039719417
8.034744765830641 -5.506218802443217 3.5044826450748303
8.33703803369873 -3.407524864194058 3.1362855148268247
8.1940875801738 -2.390583388635525 3.1650428429337563
8.04326026916909 -1.4733651152164473 3.165793031052882
3.4950009882538264 2.6229176514613175 4.26540138101251
4.486898277391774 2.7030589810611136 3.8384707414423707
5.576993287569894 2.9253581029454083 3.0876402135898893
7.784718227612694 -10.162024050242087 1.5521987014477123
7.778242736942546 -9.766422889820818 2.6447291837514904
7.3120325795854955 -9.56867404121877 3.55120521694138
6.86462087718587 -10.648783045014312 3.405597242830508
7.2669490848077505 1.1462043621237175 2.8424925625684203
7.334023400259359 2.00891786890887 1.4463252492702747
6.023299335997537 -10.722553291788163 4.449589176146284
6.665832352961095 -9.689981189909354 4.281419725822252
6.924443316262871 -8.426689820565672 4.294641002269447
7.032578706579129 -8.98314203908959 -0.3455246677637848
6.09722475038209 -8.973419570513498 -0.4208204037409049
5.161338044435734 -8.931820286713556 -0.4578045557010566
4.225184550201732 -8.881644824646115 -0.48168674874913847
2.973890618524801 -8.828705707290956 -0.4550989858656871
3.1043346128715354 3.7391458679018257 3.9658224282709886
-3.2715058131107373 0.6578579005666442 7.02188982479853
-4.196420652789141 0.8215537635445818 6.837099759503933
-5.3088530710098 0.28566009384274227 6.5452251296981965
-5.572589317015382 -0.5959213441806887 6.45014931668341
-5.511132970463431 -1.7588947342170331 6.255304088931075
-5.095267500244739 1.431500307047782 6.429746403808131
-6.071769630271128 1.605651279473522 5.972829617065628
-6.923875417797853 1.6603269191625878 5.498617127123565
-6.950358053216429 0.5518758232760248 5.68122644945724
-7.134173715278853 -0.3908276869380012 5.604262707508792
-7.2256696205029725 -1.378264080876954 5.455249226490945
-7.201799457712235 -2.355112065471738 5.233863534208331
-7.0644768551201915 -3.2870753775887294 4.952127940677313
-6.157888024992421 -2.9646783466068665 5.60675870852942
-7.029897123842062 -4.221155286369085 4.313658230380407
-6.906256728736251 2.7725953226280193 5.18369079792067
-8.044630830706545 2.9186998504932373 4.405605994995819
-7.731122197206512 1.8071616166592541 4.847504598315823
-7.889921834002182 0.9335701112609057 4.7989093880743745
-8.03579898135562 -0.19448361377018653 4.707570413712381
-7.543615526568955 3.961291676489554 4.5280926816706755
-8.151048067159278 5.007431813217532 4.1494581181655015
-8.911620687197107 4.104943427823846 3.6533488849534086
-8.769457538128844 -0.29759856840453114 3.220867548300067
-5.540285527653904 3.3700123199243786 5.346060000582556
-7.056327569693773 -5.048109725626433 3.607863979438502
-7.063864524387622 -5.437878560024652 2.64417073516427
-6.88415370156245 -5.529625039253275 1.6805955050972805
-6.5767864988707245 -6.114671121299129 3.4962119871562685
-6.2120198636492585 -7.067361491674585 2.912328002076963
-7.3099693702210455 -4.753138047377813 1.805941462690772
-8.107938901273972 -1.1849141280187887 4.571409818651168
-8.079236924131175 -2.1586630789315118 4.333079340376849
-7.944857529500338 -3.0477988477765634 3.9657990420582916
-8.710544119171907 -1.8547370514843213 2.833131341382561
-8.012316483232308 -3.5015579080396004 2.962536523402984
-6.97534524511388 -4.622370861313862 0.8408958897548717
-6.133837371394786 -6.782120641848225 1.4297174040421274
-6.0254931345134075 -6.099206920553745 0.6611761667898142
-5.416150675121521 -5.574987145834146 -0.13588806567340506
-6.098296474668753 -4.591507605965002 -0.141252570295828
-4.997441202125786 -4.321134099438154 -0.8683778831296787
-4.059598246861664 -4.854935924289459 -0.9349041789522861
-2.6611604104977102 -5.372160027464084 -0.9372040213180698
-2.617227884019923 -4.301989611945884 -1.2450558568833023
-3.031765189704969 -3.215033678932067 -1.501586115446387
-2.9858826085407113 -2.156323591763069 -1.7611023082327315
-2.932318382216237 -0.9484731042207362 -1.9788516156897438
-2.8956427995741034 -0.06140054115551408 -2.078487678657716
-3.856436685690195 -0.5225916635568331 -1.9657481639516898
-4.925519635578822 -3.219436560476679 -1.2429599227587271
-5.96191427421418 -3.3572644946631938 -0.7770248306227481
-5.013785326759413 -2.260820530514156 -1.4787737850512228
-4.825893660757793 -1.089697256557291 -1.744137349627617
-5.879310423261232 -1.5143530635045668 -1.3165457646546033
-7.088545411659831 -1.2336328015471634 -0.658639523375342
-6.667701004039787 0.3672541836142166 -1.0042620485554008
-6.842897353572369 -2.3262314290909583 -0.612937085866224
-5.719345570071122 0.4222092120675205 -1.5307980244884845
-4.747306003664676 0.4435642136016445 -1.863658676844454
-3.7962286842723882 0.9839949845132466 -2.0878605993841024
-4.227012406301607 2.0191073818785323 -2.112156519130915
-3.8753381112647354 2.969395292995486 -2.326448671629073
-4.635527209355824 3.5680480296556523 -2.217366207251208
-2.7906715194706395 2.520272963149082 -2.3284692799828286
-1.8778570138489348 1.9682280299284955 -2.1896025414991973
-1.9201169832238378 0.9313749071112971 -2.086910715745364
-1.8433140852665686 2.765083182653019 -2.3152627597479736
-5.270530347958862 4.07294898558896 -2.048263724916012
-5.608620794680732 3.033166247646503 -1.8868990991447687
-6.750466364559965 3.9962826521343784 -1.4298443501107814
-6.530884196222035 3.0335480068572487 -1.4317016538373815
-5.698339683817792 1.9042143284345217 -1.6504800032227247
-6.864883167329096 1.869732722693486 -0.9432113809851531
-7.823145502926694 3.885780858409635 -0.6937875436390096
-7.0478073892194155 4.97695345113997 -1.1884392542465838
-7.3047842597204 5.944574984498822 -0.8845745627212528
-6.980132325920663 6.933818211983645 -0.7791727010654879
-7.17146120706273 7.9034655477446645 -0.49553597282761874
-8.553391733932832 7.8211837124434345 0.13795291814757904
-7.578426646300505 2.796564102501147 -0.6270780179716845
-8.529708235650599 5.8447243925337835 -0.18202834283562364
-8.557581401944969 6.835739367390838 -0.03428344663003896
-8.514632034602176 8.80110943401466 0.3340410980868931
-8.468923035230796 9.780754916707808 0.5305798722063357
-6.8212118392890275 9.865930377592594 -0.15699257131304728
-6.882917656047686 10.862712334268537 -0.03450873425513218
-7.0562762274803985 11.758036469049797 0.040386553013119164
-7.683180022336208 12.838748176448064 0.40141839652378175
-8.443639882528261 11.758330045439527 0.8375439418254766
-8.447555186938555 10.766521472443317 0.6986123545474268
-9.224288776859495 10.178997320723361 1.6706956176438916
-6.850823954123695 8.884525861023198 -0.34667233106934053
-7.432218386286818 13.857545508283813 0.362765126846159
-6.242314159835668 14.361145480289295 -0.2774086679031771
-7.325706002742093 14.831272434442537 0.5814093623409582
-7.227442158239499 15.785419437781593 1.3200109284668833
-8.155242225622194 14.615572559802251 1.7145882738602192
-8.221247753850223 14.500976131437081 2.5737871995458166
-8.45559986939423 13.65274537951372 1.5856724483834974
-6.629152452657152 16.742843999705734 1.1358897436983852
-6.176932027761634 16.512734831279413 0.13161253308447152
-6.04393127123887 17.732530988424287 1.0347981927873755
-6.465502759722545 16.829190755131894 2.1159773337431647
-5.401238644590655 17.602579197948852 2.4098052452861065
-5.8459265056068 16.391757391317245 3.029020056164579
-9.442638713118399 8.585677547768986 1.5986855338892727
-9.435496990468959 7.678688409790852 1.0137287910473076
-9.46599554577638 6.694979314878602 0.8362535350478213
-9.445289281883673 5.69749523179887 0.7234526754403214
-9.462840690577895 4.584994766597848 1.0368689891787122
-8.315244107977783 13.386330382560686 3.3198079478715634
-8.911925513005656 3.673556633717003 0.5775952149947037
-8.584952991471141 2.7009757131116747 0.5966750591988565
-7.783640133580869 1.7294957588445183 -0.07390042036388955
-7.68527433910524 0.1439569707640418 -0.1723630650849851
-5.125523857912175 -6.812245301811999 0.3254617896468808
-3.9299739245121454 -6.487116684541501 -0.33006413359029707
0.15856728883680837 -7.747816709252214 7.480125594205019
0.5689645869951708 -9.14710989513239 7.665965869951753
-1.0428174698611161 -7.95138456402127 7.185555463169886
-0.7374528708232442 -6.97404657188833 7.14370490018687
-0.6939007100157624 -5.9324003029727335 7.015710461588096
-1.052101677645511 -4.933138973711158 6.852646563991171
-0.6091462875074511 -3.8578242830279077 6.80573534506195
-1.3045919265781205 -8.98054667767809 7.067644141393976
-1.756845386412447 -9.889732562122054 6.561473823554492
-1.8606773385617024 -10.862714446849102 5.7853908160830745
-0.6942635059524098 -10.03354287998652 7.159347437084753
-0.4570342580101987 -11.036062984446769 6.743041292930257
-2.6432670210886497 -9.673944433296324 5.876785053648149
-2.7746486075670687 -10.683402778399858 4.859136632847896
3.2194662890023658 -9.86994502021914 0.42816306197648013
3.1297357334947256 -10.914035679215221 1.3851324352494279
4.285445115975846 -11.201576863445222 1.5576576293478972
2.176260219358385 -11.051495695096223 1.5988233368092184
0.6771838114841917 -11.138627072316476 1.9205435082823608
1.1515729375770685 -11.969254336542255 2.7818449391761213
3.078008375383054 -11.594166664859793 1.9959077617140208
1.6888235004308632 -12.475410181237722 3.5991165460259475
1.5770547041082912 -12.644022340175233 4.586497191863223
-5.278121282304059 18.741771808829856 1.6826752688749302
-5.166783570105296 19.373656917379154 0.7535613910488668
-4.3496760621107935 20.262174337950054 0.008231867711670449
-5.079146404731463 18.811385351299176 -0.2513619739706783
-4.070828679340012 18.794778456080216 -1.096378719869004
-3.669391668004904 20.118054840578328 -0.9736893630325804
-3.159671677092004 19.186941861493107 -1.5058515320194403
-3.183956770810652 21.190132648856594 -0.784249798291513
-3.4677428577320635 21.18787006553714 0.2286289243305758
-2.326493170754711 21.783672630426384 0.7505640902041679
-0.9681997485284002 21.669799511327223 1.453412889479918
-2.394507462514338 22.330512025329202 -0.45548074338608985
-2.126756996499032 21.980426676551147 -1.5086932230085692
-1.4278708068909303 23.545389897254218 -1.131350499135778
-3.548782415135764 20.68275282289646 1.1584216084537018
-3.2973336605554042 19.769602472429764 2.090115363809253
-4.2562876903705025 19.61889904073441 1.8182979956047423
-1.8407048071196208 20.490464364375722 2.0733302010325287
1.2791706791226307 -10.417388308654878 1.1715893523544096
0.05465354566215119 -9.790876155407439 0.9886755215050578
-5.470889845181478 -8.350364612662982 3.129175767970418
-5.203092217395854 -8.270833895457974 3.9200711922808944
-5.382034986091922 -7.455775101635375 4.306348546514656
-5.478681830240232 -8.19939972987927 2.202002371246837
-5.252616544763709 -7.811141636781782 1.2598871645333896
-5.771027553100717 -6.315175484396966 4.428741114497789
-5.9545336806050795 -5.31516954583984 4.740803999084906
-4.321433914077291 -7.028978275240348 5.288366030011539
-4.003349494635414 -8.52730337351729 5.088128429319966
-3.589593563035905 -9.586660841712526 4.934743055671743
-3.503059468671668 -7.155037318177012 5.828996267133855
-2.71946541678778 -8.269862064611777 6.219272078260871
-2.4915978197244737 -6.36856107632648 6.499436594036766
-4.6393791151636306 -9.35639558431739 2.9810652780303952
-4.455238458649262 -9.338299690417298 3.9669215957098087
-4.5445755831601335 -9.108141161061697 2.0775612166899693
-3.24593257664342 -10.082553084479823 2.3738501072475104
-3.935515263540257 -8.762879791918026 1.2670600799377925
-8.864879768062586 3.1164267222835096 3.48975135747777
-8.66827895508357 2.0924106464993235 3.4902040400879653
-8.7081994765147 1.1817216321847437 2.931524648429022
-9.530118933180885 3.9519433909328283 2.477557638542577
-1.5745024544598019 -1.1544909046021807 -2.004583752968346
4.689580189659706 -8.991993408470014 6.249794336085496
4.677572436165282 -9.975600932092254 6.069078994811587
4.020312719255254 -10.984323946896911 6.114449380039764
3.7197790060585394 -11.773741422144129 5.731426833701427
2.887178656955199 -12.137014545964691 5.868462046320843
2.8366868122476934 -11.006057891303229 6.850003752894736
3.3171756158536185 -10.110560570971442 6.975416269064122
1.9308651552038307 -11.576019610053873 6.721608742543394
0.998866623837857 -12.031257967303796 6.187439458678195
1.9633322882772744 -12.586448985742935 5.154540367171215
0.9959627556971873 -10.636312880607475 7.401983541124203
-4.79645147686191 2.419059045628741 6.0966183538887995
-4.0017581282085795 -7.638441357747133 0.3789053938476704
-9.889023003762478 5.521631372523329 1.7098630431465287
-1.4766132835141235 23.215705375660814 -0.24091965908790033
-0.03311244134836655 23.894004494676057 -0.08551330022217757
-0.5364940532838318 24.30626886468821 -0.9416928741415362
-0.7808570039984402 22.782673800675934 0.652812740131578
0.7009556581386893 25.40977442853804 -2.1025165063379987
2.0614919950328914 26.310783831572895 -2.5282086825960075
1.289868092228116 25.339852669237988 -1.50649090666945
2.670566667595618 25.034203194386123 -1.1277406485072528
4.138569770594936 25.11418827573049 -1.4766011907296575
1.4008330933477393 24.826721530294034 -0.8982239058864021
3.7194377167871915 26.25195349405417 -2.3039069251306494
3.7755534135813393 26.91980008852491 -3.3313529643230453
8.256587939787586 -8.815927222957274 -0.10958624473718537
8.804842213343006 -9.039307442896055 0.8616021450190563
8.779760963518838 -8.617942784216126 1.9364515882476427
8.026930215679407 -8.479110778173704 3.0738367672770526
9.472936269592047 -8.048464775539303 0.6057329306867036
9.89610861192414 -7.126602129969698 0.8721602194196376
9.003478493031183 -7.3454684264368355 2.3272010457777528
8.793000494361841 -6.402888722729559 2.7554611829435327
9.026847703061728 -5.369809658836704 2.6444860542815922
8.958166747718662 -4.090983503599044 2.6821830364184445
9.910218369005646 -5.572731198457234 1.6070755593477737
10.264243111624182 -5.309544557484806 0.3688417207580956
9.959311910881523 -4.138404649511162 1.3920852155750063
9.801977020105523 -3.220262351274376 1.3779281628811388
9.556716115680011 -2.0661368278016368 1.2655743792236431
9.122328107092866 -1.0321531186530504 1.1045918835912745
9.014681172084233 -1.9045523077324118 2.2704131503208362
8.652298547698104 -0.06743653366457075 1.598005734650738
8.21845133602377 -0.15134091234565328 2.591714341101617
8.271851253047942 0.6173548534842838 0.7529252996694749
8.148122483086462 0.8041630599939688 1.7373673184569978
8.210782582793158 0.12361792868018273 -0.1653351959815696
8.429901823321964 -0.6628845488736289 -0.5856353405363808
8.07366375905971 -1.5098349700939084 -1.4319454043560613
7.854650067646575 -2.4521339783692193 -1.7987787668859148
7.830524868545109 -3.463995453244658 -1.8296848193872575
9.292180334651878 -3.6480286852826955 -1.079508713508885
9.26223137053607 -2.6689953181786006 -0.8686829724448273
9.227031583970957 -1.8606891760501258 -0.3273546122962457
9.475543872469737 -4.694621160267185 -0.9588299107606094
8.66071766721425 -5.66360804396308 -1.4028926586006674
7.375270350860099 -1.4078473521975243 -1.864025757197002
8.5659611612384 -6.650470009386491 -1.2501250245125188
7.44433091420555 1.3881551600048072 -0.1498174307067064
10.009242053321662 -3.5393150052534463 0.019260677666002313
7.858040526477101 -7.535017489437279 3.488076121260944
7.363986651874792 -0.030430473250691342 -1.2931130114042886
6.480465074637924 -0.3410097241706428 -1.9865897226800726
6.72095754948979 2.371745648163255 -0.22704990233635558
9.92936260167233 -6.326423919983725 -0.42230493838240635
8.509307615529673 -7.742282229470082 -0.8012891256143001
-8.5801165246123 1.6032310013972402 1.1597366286247202
-8.626558378516732 0.464618874605056 1.3407604497303924
-8.834741304730633 -0.6261372552613311 1.7501723633002337
-8.763573143200572 -1.6564467934645712 1.7940924093140713
-8.371645200416868 -2.660726207896679 1.670407178610341
-7.805350052287828 -2.4458970872084285 0.27695104027809203
-6.965377000611678 -3.5274758435497815 0.040220220943249174
-7.831687388343491 -3.594364809030668 1.5211207241729077
1.33306151768006 -9.690293254776163 0.5505189462757709
1.7344884601932884 -8.634789991070734 -0.39433491626047557
0.49021386285700985 -8.131442427643078 -0.34295767833271795
-0.7339396969732859 -7.619949889009127 -0.27560312806615717
6.981496201081056 21.05914621659002 -2.1282378503002235
7.33120811934958 21.77230302803013 -2.780757780878994
6.398449862676206 21.34300662229897 -3.5281039403847174
5.4279199339114665 20.804010341991543 -3.2590562341379092
4.450253250849756 20.168893306336646 -2.9076216664413774
3.3218616144828355 20.98302777435509 -3.264833114387139
-3.90434798072629 8.538544394344385 4.509151473370601
-2.8477445437016193 8.917244722954385 4.23168451031314
-3.281000593523542 9.943186475773679 4.255799647463451
-3.055337038889883 10.914379577370099 4.092640220504334
-1.9671378747543764 9.619848102548191 3.86176603621513
-2.71915040582154 12.034533642503682 3.888084301998215
-2.0887085104924177 13.085537113760275 3.6251155942905893
-2.651851895952884 14.09050910843655 3.697580022905653
-1.2059951582434474 14.148716272128233 3.261408952199222
-1.2812747254325383 15.160891858756523 3.175385289300559
-1.677110356527377 16.225643373835634 3.1274093374340817
-1.0809958533295556 17.252670820955156 2.98819975909493
-1.509960284081797 18.294531544200222 2.928279997808078
-1.4692153649819535 19.181671775706143 2.7365862241267926
-0.5463442168514199 18.82878268530785 2.8118264811644744
-2.4175900369587326 18.87135913795185 2.692461125000448
-3.8545794571866043 18.445315846303714 2.5584336026485612
-4.00977156791676 14.912260967487688 3.8084702494611236
-1.062500631586473 8.87251088205622 3.701536800712029
-0.1968226732819216 10.046711516454417 3.146179702197448
-0.8239921096359448 11.121336176466592 3.263569653075268
-1.398607615623891 12.287905839895586 3.424234441997367
-2.9586136326842256 17.29970437829912 3.0167406423295287
-4.391217989682107 16.788367702556993 3.140096927328189
-3.1597878407561595 16.38439888044663 3.274053647349927
-4.763454769621766 8.382932591026746 4.643716060658402
-0.7698796493968401 13.13338115585067 3.181302277863746
4.869595929476201 0.06440545932809352 -2.3870302070465117
4.582415921520585 -1.469884522701625 -2.4639882277062126
-8.455429051199795 4.780121373354387 -0.2896227090238096
0.22552390296802916 13.699508727962698 2.828239743217348
1.1771791719706113 14.224023903539676 2.517832517671491
-8.13795439633351 -1.0541689323523797 0.33342526353012847
-1.5585408101864406 2.2892630510001735 6.2211697279703575
1.1331191785468595 23.858678483200602 0.0012212388945622155
5.23412226555083 -7.803919772693764 -1.1764604736225284
4.298105578677461 -7.762390743546464 -1.2105602377373317
3.0469402753920267 -7.719379016110423 -1.195059843754152
6.1699703827825365 -7.837350552954083 -1.1318756269024015
7.105553990000937 -7.85157656696386 -1.065487179454071
6.527539037587512 -6.538639050288407 -1.6520477180778357
4.054140075321374 -6.437082646389474 -1.768720325976655
3.9496672949814142 -5.364387102541387 -1.9764121642912489
4.1568595107284665 -4.154215584822285 -2.1271107039532917
5.421804188587671 -3.874560281068902 -2.18878719250671
3.8772696685020787 -3.371362655680201 -2.238918094484879
6.682051787147056 -3.5557464562464336 -2.111891519823706
5.9587999607549875 -2.283297761631115 -2.4057449130767194
6.289850614184183 -5.448546707562377 -1.8781745455709782
-6.910462551715766 13.071367339413959 4.235842353578477
-7.246498472719576 12.086148953239908 4.28066252926664
-7.008816814786211 11.01905812277497 4.500786441390464
-8.340884869369269 11.070476388662785 3.7576006088657854
-8.491669335712782 10.19575270517629 3.6955784194629766
-8.669532585462498 9.194829897443624 3.6298742997593383
-9.027339063655287 11.475657225997768 2.4040703075102314
-8.258695517485299 8.080991014284262 4.069573617989654
-8.325542230829754 7.102530092725705 4.091267450934121
-8.541300922687679 12.304072956570774 3.328482935243615
-7.304304093746238 8.98090036349147 4.460936894099953
-9.357064220180293 8.180083329037755 3.1084115799175542
-9.534732631872982 7.274213451437838 3.147481632767608
-8.773169194981255 6.09148794156967 3.8967453648017587
-9.741787816815908 6.350697338549074 2.680485236712906
-7.178664747338151 14.31986429476903 3.722622060933639
-9.501088109937285 5.238202874710697 3.138056541153543
-6.873547457799431 10.059083752983645 4.595274416356223
-5.221597558902724 9.794466950335087 4.72718888628359
-5.003239241517084 14.086960502885539 4.141066543301916
-4.786690883445934 13.051206928712253 4.306186613932213
-4.245590120779001 11.987573627627498 4.345700956920667
-5.141972559347606 10.932062162939884 4.6832037008514416
0.29956870897436344 16.234740074633237 2.783381669066017
-0.4786292674217927 -11.87263986794298 5.684000096848972
-2.506454482171307 5.789976975282459 4.558755344690936
6.404252763032771 3.1437450487716943 0.43490679501810414
5.583196978437251 3.2425745391440493 -0.8687410616866796
6.453197889936018 24.42134192059365 -2.2322050894518455
5.673590250591371 25.283097885586585 -2.256586641259843
6.658148321697659 25.4297656875648 -3.0901427143847053
7.599108945718709 24.971625907271562 -4.373741083759169
6.765174176696478 25.886584598646113 -5.1472878135790365
6.743141752930587 24.60385229109155 -5.34695405281029
6.5573015031324156 23.692099946692 -5.189262838524643
7.446015702702434 24.38380833181189 -3.0127291064333024
7.4779567439667805 23.328622458696568 -2.5200996469601513
8.25793409770872 23.41845202536403 -4.004553727021929
7.688216384603834 22.173255637243038 -3.7918434339917786
7.445846110793689 22.997839632632576 -4.618145053083512
6.4632088536210635 22.591669694592326 -4.727051942294609
6.390695199760279 26.37050356552427 -4.018383703264352
5.4370617969849535 26.59913251247248 -3.481191753150143
5.858654714477761 26.79631137965193 -5.018287718274876
6.465259028433269 1.853524057029221 -1.0506383925285254
-7.312351123656043 15.485082298894183 2.8613478578138762
-1.1029259261699564 -2.183553471791041 -1.8941851290060476
-0.13996815274487062 -1.7233638486783773 -2.056731152964267
-0.6781977384341484 -3.2411277581925857 -1.7513147968831069
0.6681470711854978 -2.506490716250545 -2.0888272784091795
2.1611479008041607 -3.0141669920716363 -2.1740129814843567
-0.6459860113745104 -4.215848390542654 -1.5319973095641046
-0.9452461943644763 -5.532463881000017 -1.136108392651131
-1.335780744372977 -6.891159986171291 -0.5002536329653472
0.03864656739933092 -6.525391078782033 -1.0773076449812198
1.1486107276624191 -0.8387592079802741 -2.155182841871446
3.1404218746863766 -2.2199858476628167 -2.3247225704673804
-2.523289274278336 -6.9876148103301645 -0.269215128433103
-1.0206698406594479 -0.11824457274764799 -2.0552398981147473
-0.10300924281879109 -2.853232308661783 6.80414062972663
4.6235307009724815 3.9164491229776615 3.1789993194381996
5.569128686843562 4.025694033165513 1.9875977027872052
5.2543891740853335 25.878164899471074 -5.780158310915616
5.167247719257566 23.941635225400695 -5.402461789591457
5.2120179514631815 24.840899103225972 -5.67528801704017
-4.254926273708119 -0.7174592317256576 6.893972297650315
5.283780693892518 0.7485118725137053 -2.1837957900775424
-9.81934351369761 7.484891582245964 2.0853275184036884
-9.282963044342399 9.674259744599182 2.2127804339269455
-4.866254665009251 5.089569090375414 -1.8952997394795603
-3.6493514057922756 5.049199397054333 -2.0646584080273085
-3.4514955325213004 5.84035437206021 -1.640570226630291
3.859474476513122 17.053711679314848 -2.09554847388966
-2.0359507560521486 11.935711634254433 -1.0302175501357664
-3.556585279937412 -10.360824447241487 3.8379275060362152
-2.4774921194105888 -11.112252742011618 3.395770155889135
-1.692523782640497 -11.655310364302643 3.651442855612851
-1.6784261500728623 -11.218714512159734 2.7512987377197256
-0.677843457440561 -11.16732884754835 2.3409940382497583
-1.7802546400387025 -11.590771309225978 4.659299435445511
-0.7867499844752508 -12.016337357626636 4.10699647128146
3.6382209794579055 -12.364051873384778 2.851542418364925
-3.8952394930134995 6.3373667066136825 4.562135598258181
2.4158732011269297 -0.5191908373171136 -2.236454363810587
-5.995370336231237 5.991810427787733 -1.323820382857333
0.14312408951965916 -12.268429771291732 4.106730077559877
-5.898124100219226 15.209206925906084 3.748853868886318
6.460097384665496 3.0512612745128163 1.7066892608083546
1.9094208738589318 26.57927690849862 -3.732663703805538
-2.7129339795723046 4.748965675097349 4.8229519413645905
1.0540320710361621 6.726452010811868 -0.8692645050376897
-9.01617635317186 2.36520185159002 2.1118806009004993
7.274176254775668 -4.228207686865221 -1.8983794541594907
-4.559635945224149 6.93871710015181 -1.1593127951542264
-3.5971614878562663 7.883080936324608 -0.9121750266942086
1.284265903173849 3.147430576554063 -1.9430300833127638
-0.3988800856653214 2.926290844360697 -2.1289979127996377
-0.3991614573248199 3.9545887830391413 -2.141517016467761
-0.02166660300962886 1.6216892083135803 -1.9797724949783124
0.3152679157399585 5.082614534007789 -1.6128930216189776
-1.1424538499978774 5.748817162493778 -1.5520188683392482
1.84016615847679 1.0760552594377195 -2.061628139200259
-0.7829418677591649 7.804343958821498 -0.9117697635686938
-1.7463926475427745 6.856358634485467 -1.139790002323645
-5.405915280090748 10.385796645886956 -0.420052242141188
-4.509714663859231 8.884085999265286 -0.6872144492633411
-8.80749522245562 12.626536613491446 1.6779388111862177
1.495539553704637 5.731117428228741 -1.0549523050834086
-5.949446855112297 7.922350223280746 -0.7734404532126242
-4.8658997917528595 -2.6063261000069056 6.20799926071488
-4.693842347989258 -3.576633393944189 5.930642570579882
-4.153943538653772 -4.734711103044733 5.8427907354450355
-5.724390511745803 -4.429773210668441 5.2155116458460125
-2.9370405830418713 -3.7280808083386874 6.46686433388679
-3.3496836387872433 -1.7455814002138303 6.812160626816086
-2.3857098685134117 -0.7956561389887982 7.029940102815567
-2.443106516154205 -2.7687535323454293 6.704218132733923
-6.721003728494166 5.933232284522687 4.425383556077657
-6.224088700169626 4.832895859974592 4.618470919703389
-4.649501783401476 5.133850352773947 4.7024745403839985
-5.751749889128695 6.902742989458145 4.539773131283813
-6.652702909542903 7.946776692814829 4.537589155358748
1.1014379101749534 12.180265443936541 2.5760559858456196
-2.67358965381814 -9.256827229224301 1.2641637693491146
-1.3013534733734293 -9.97513873978942 1.4946193324674133
-0.8923116306383889 -8.69994558234953 0.48515527219463384
-2.8303192546650244 -8.1083196454673 0.4437601023210902
-3.8585528316963407 -5.619362066241954 5.839018575530791
-2.7322105868766107 4.065211350457722 -2.3794503754243306
-1.7736259620559311 5.152610982775664 -1.926464758489088
1.7740604956247086 -7.481100386335517 -1.1459876314838793
2.180857736882243 -6.315183539411677 -1.6899589718552546
1.3434035224161567 -5.351036719102777 -1.7477328296390937
1.6401357713127385 -4.286432757348242 -1.9500400486979519
0.9434949423118977 3.638078469479411 4.690464273817354
-2.5076478272877205 -4.768352738886332 6.518396992905434
0.7564620358256674 -4.938574635190649 6.959967396738694
-3.12058898784709 3.5825545585542824 5.501587725886186
-3.1733833333040335 2.464781183653423 6.288889165084995
684 359 683
359 364 683
94 107 443
412 413 492
457 459 325
460 457 325
37 39 687
408 370 409
370 376 409
94 443 95
301 491 302
692 699 694
412 335 413
470 457 472
457 470 458
578 580 577
469 749 741
295 137 278
548 319 477
640 641 87
711 363 742
711 742 743
238 237 480
412 334 335
482 248 247
655 646 657
641 640 544
347 353 350
348 347 350
663 665 662
665 663 747
474 461 492
461 412 492
452 581 580
449 98 444
448 449 444
447 446 454
407 720 623
606 600 601
297 679 296
495 599 503
140 139 110
140 110 111
403 379 375
210 278 209
302 303 304
62 77 49
695 257 259
591 595 573
235 236 234
740 737 474
492 740 474
554 551 552
659 629 700
312 318 475
102 101 100
101 79 100
91 90 196
598 120 751
569 568 567
588 700 582
360 361 362
737 739 738
739 456 738
335 336 337
336 347 337
334 332 336
332 553 336
319 549 330
679 728 729
614 629 407
251 253 252
253 251 254
368 352 369
367 368 369
736 585 127
111 121 112
47 46 64
47 64 59
679 299 300
749 469 419
429 434 431
436 488 699
309 307 308
464 462 459
666 339 340
680 592 88
470 473 688
471 470 688
107 441 443
233 414 415
93 96 94
745 602 744
377 372 594
720 385 620
720 620 623
152 578 579
346 347 348
348 349 342
367 369 376
634 614 615
636 634 615
737 738 473
636 615 616
191 56 43
743 742 684
713 711 714
615 407 623
617 615 623
384 198 383
576 575 637
494 448 446
448 445 446
711 743 714
496 503 12
503 500 12
733 320 751
565 567 632
359 365 364
150 149 144
163 148 142
328 307 306
120 118 119
410 411 548
353 351 350
157 192 158
215 214 211
467 468 469
749 725 741
699 638 694
203 206 207
351 353 552
351 552 597
687 38 37
730 420 673
357 356 355
368 357 355
710 363 711
196 38 195
193 13 14
583 123 584
352 351 411
587 581 588
637 575 574
380 386 382
381 380 382
8 16 14
14 16 15
439 453 451
453 452 451
581 400 588
358 357 359
631 636 616
55 43 56
618 682 619
583 566 116
566 117 116
116 115 122
149 579 576
396 392 399
91 92 31
587 589 575
587 575 576
1 24 7
88 697 715
178 180 179
70 67 69
375 374 378
45 46 36
208 203 207
388 718 719
718 388 381
269 264 268
453 581 452
98 443 442
510 508 507
642 649 644
505 504 656
11 14 13
12 11 13
153 154 161
47 48 36
72 73 74
643 502 194
748 135 136
178 67 180
18 19 17
728 727 730
226 750 228
228 750 229
703 733 751
674 675 105
675 674 280
447 497 446
247 246 481
140 111 113
419 469 418
687 39 55
150 152 579
710 712 361
363 710 361
626 628 627
626 627 622
47 59 48
228 229 241
53 52 29
316 312 311
488 425 638
699 488 638
92 30 31
673 750 226
673 226 225
207 206 598
52 30 29
30 52 51
61 63 128
598 208 207
208 598 752
45 32 44
726 724 309
413 338 339
475 318 478
35 36 37
585 736 591
500 498 12
112 114 113
309 723 300
324 321 322
731 317 732
157 184 156
546 604 538
134 103 99
134 99 125
25 22 24
480 237 481
67 66 181
66 65 181
344 345 356
345 355 356
596 132 133
345 349 355
607 606 745
231 239 240
239 231 232
175 177 686
686 177 179
33 44 32
22 23 564
464 467 741
410 547 409
340 338 341
723 679 300
435 699 433
414 416 415
425 424 422
425 422 423
729 728 730
725 724 726
299 679 298
134 125 124
738 456 692
266 243 267
267 243 244
354 352 368
417 414 233
417 233 418
112 121 122
688 473 689
459 458 465
459 465 464
339 671 413
459 462 325
462 324 325
637 595 596
300 299 306
23 563 564
563 23 562
228 227 226
518 515 514
518 514 516
141 674 105
141 105 102
738 692 691
468 467 465
467 464 465
602 601 293
334 323 332
570 572 634
245 244 480
513 541 512
431 434 433
609 613 607
434 259 433
259 435 433
671 558 740
337 346 338
294 293 428
293 260 428
641 82 87
87 82 106
323 322 326
671 667 558
667 668 558
323 326 332
265 264 249
258 483 484
483 258 257
235 415 490
676 657 646
406 408 478
408 705 478
525 539 286
526 525 286
584 585 569
406 594 408
707 683 698
707 698 722
731 627 317
317 627 630
462 464 741
551 550 552
307 309 300
221 230 250
359 357 365
618 624 631
314 303 313
64 65 63
336 553 347
362 344 356
279 280 674
265 249 266
461 333 412
333 334 412
479 672 661
479 661 660
284 283 288
527 542 539
527 539 525
388 380 381
361 712 362
201 215 210
222 220 215
405 594 406
355 349 354
39 36 40
357 360 356
684 685 743
722 373 374
366 364 365
367 366 365
708 685 707
316 317 318
312 316 318
637 147 149
196 90 38
42 39 40
335 337 338
360 357 358
304 303 314
703 751 120
370 371 366
371 370 594
118 114 119
114 115 119
624 632 631
314 319 315
370 366 376
366 367 376
4 702 2
702 505 2
189 166 167
396 398 397
681 628 626
405 406 493
359 742 358
742 359 684
441 440 439
190 196 197
365 357 368
337 347 346
368 355 354
365 368 367
364 366 371
26 27 21
442 441 439
448 444 445
567 636 632
678 1 676
704 721 713
625 626 621
625 621 619
416 421 415
621 622 735
182 161 162
733 696 734
119 703 120
703 119 639
719 707 722
94 28 93
174 183 172
183 158 172
320 491 751
363 361 360
342 349 345
93 30 92
327 330 328
41 42 40
42 41 716
531 536 706
145 74 76
729 203 208
594 370 408
19 26 20
485 483 482
598 751 752
717 714 743
362 712 672
311 302 320
302 491 320
595 574 573
200 217 216
601 602 606
199 204 217
217 204 225
669 697 670
664 669 670
72 132 130
343 342 345
356 360 362
298 679 297
302 311 303
362 672 344
591 586 585
238 244 243
341 342 660
297 752 491
301 297 491
344 343 345
484 483 485
343 479 342
479 660 342
460 472 457
289 267 245
350 352 354
349 350 354
740 739 737
241 240 242
662 341 660
249 241 242
217 224 223
479 344 672
740 558 739
462 741 463
338 346 341
492 413 671
492 671 740
272 267 289
293 292 260
668 667 666
667 339 666
662 340 341
342 341 348
341 346 348
727 728 723
410 352 411
472 461 474
347 553 353
293 294 602
260 291 261
291 290 261
690 693 689
432 433 692
433 699 692
249 242 266
243 240 239
260 430 428
220 222 221
221 222 230
249 250 241
222 223 230
292 291 260
418 469 417
665 340 662
745 668 746
667 671 339
417 469 416
705 477 476
338 340 339
744 602 556
313 312 476
312 475 476
315 327 306
349 348 350
335 338 413
305 304 315
333 323 334
332 554 553
554 552 553
731 622 627
334 336 335
459 457 458
379 402 380
550 597 552
124 121 134
121 124 123
547 410 548
636 635 634
353 553 552
547 548 477
404 405 493
109 397 398
440 109 398
11 9 8
570 634 635
402 625 682
625 619 682
404 493 628
477 705 547
317 630 318
408 409 705
409 547 705
705 475 478
550 549 597
326 554 332
376 410 409
597 549 548
548 411 597
369 352 410
369 410 376
352 350 351
351 597 411
691 690 689
306 299 305
472 474 473
470 472 473
435 436 699
423 427 693
726 310 463
463 310 321
322 321 326
321 331 326
331 554 326
726 308 310
724 723 309
331 551 554
426 468 465
466 426 465
473 474 737
466 471 688
321 324 463
324 462 463
321 310 331
472 460 461
603 600 605
426 427 423
314 477 319
693 427 689
333 325 323
322 325 324
325 322 323
460 333 461
460 325 333
750 233 231
229 750 231
471 458 470
423 693 638
638 693 694
465 458 471
488 490 425
473 691 689
473 738 691
234 415 235
455 432 456
468 426 422
468 422 421
690 692 694
693 690 694
465 471 466
329 328 330
726 309 308
168 161 189
168 189 167
164 165 159
691 692 690
468 416 469
749 727 725
688 427 466
427 688 689
725 726 463
741 725 463
416 468 421
424 415 421
425 423 638
424 421 422
422 426 423
729 204 203
204 729 205
426 466 427
405 404 377
327 328 306
380 402 387
402 682 387
111 112 113
100 103 102
216 215 201
126 123 124
467 469 741
329 310 308
310 329 331
377 404 378
235 486 236
270 264 265
233 415 234
442 439 445
444 442 445
388 379 380
627 628 630
551 330 550
548 549 319
727 723 724
727 724 725
302 298 301
628 681 404
705 476 475
300 306 307
666 340 665
679 723 728
685 708 717
717 708 43
732 317 316
312 313 311
308 307 329
307 328 329
420 749 419
415 424 490
490 424 425
447 454 152
279 674 295
387 386 380
253 254 256
297 301 298
69 73 72
730 727 420
727 749 420
673 205 730
205 729 730
173 686 53
579 577 576
417 416 414
487 489 484
485 487 484
692 456 432
555 456 557
556 555 557
570 568 585
570 585 586
205 225 204
217 225 224
736 131 595
720 384 385
479 343 344
296 208 752
297 296 752
679 729 296
729 208 296
618 616 617
6 17 8
734 731 732
733 734 732
320 733 732
299 304 305
304 299 298
298 302 304
319 327 315
330 549 550
661 672 669
305 315 306
574 595 637
1 677 24
118 120 135
580 581 587
752 751 491
574 575 589
374 373 378
373 372 378
120 598 135
616 618 631
639 119 115
135 598 206
313 303 311
625 402 681
681 402 403
311 320 732
316 311 732
569 583 584
198 195 89
734 735 731
632 735 590
476 314 313
314 476 477
315 304 314
331 329 330
551 331 330
628 493 630
630 493 478
330 327 319
440 398 438
478 493 406
383 198 382
568 570 635
390 197 196
478 318 630
681 403 404
394 395 407
629 394 407
403 402 379
439 451 445
405 377 594
571 573 572
196 195 198
626 625 681
617 620 618
620 617 623
129 128 63
394 629 659
632 636 631
31 30 32
590 696 565
696 117 565
387 682 620
15 193 14
42 55 39
388 374 379
403 375 378
403 378 404
735 622 731
621 626 622
621 624 619
116 639 115
135 206 136
565 632 590
566 583 569
624 621 735
565 117 566
687 57 195
696 733 703
696 703 639
585 568 569
565 566 567
162 161 168
590 735 734
38 687 195
568 635 636
583 116 122
567 566 569
191 719 718
685 684 683
682 618 620
117 639 116
696 639 117
360 358 742
363 360 742
372 371 594
698 373 722
698 372 373
722 388 719
619 624 618
614 407 615
395 720 407
632 624 735
698 371 372
696 590 734
620 385 386
387 620 386
634 633 614
567 568 636
678 676 646
384 383 385
700 633 582
580 587 577
616 615 617
94 95 27
94 27 28
614 633 629
629 633 700
63 61 60
63 65 129
17 19 16
595 591 736
721 81 188
570 586 571
34 90 31
90 91 31
390 196 198
26 19 58
150 151 152
588 401 700
633 634 582
449 193 98
383 386 385
386 383 382
70 69 72
573 574 572
570 571 572
396 399 398
398 399 400
573 571 591
571 586 591
637 149 576
148 163 154
574 589 572
572 589 582
190 197 109
449 448 450
579 578 577
637 596 133
193 97 98
93 92 96
46 65 64
144 153 150
750 673 420
400 401 588
503 501 500
634 572 582
34 35 90
12 498 11
498 10 11
483 257 248
454 580 578
587 576 577
10 499 702
4 10 702
589 587 588
589 588 582
438 398 437
108 441 107
395 384 720
438 453 439
440 438 439
401 659 700
399 401 400
401 399 659
659 399 392
393 659 392
391 393 392
26 21 20
393 394 659
108 190 109
393 395 394
453 437 581
437 400 581
442 443 441
8 14 11
437 453 438
392 397 391
130 129 70
397 390 391
495 494 497
437 398 400
182 497 447
495 503 496
62 60 61
396 397 392
94 96 107
197 390 397
109 197 397
450 496 12
499 505 702
721 78 80
133 72 74
445 451 446
450 448 494
444 98 442
108 440 441
198 718 382
449 13 193
93 29 30
76 170 192
180 181 44
676 1 0
683 364 698
108 107 190
497 162 495
718 198 89
109 440 108
364 371 698
379 374 375
61 128 125
499 501 504
494 446 497
190 107 96
501 502 504
584 123 126
378 372 377
89 195 57
687 56 57
687 55 56
42 43 55
124 125 126
374 388 722
718 381 382
57 56 191
89 57 191
584 126 127
389 384 395
393 389 395
391 389 393
390 389 391
198 384 389
389 390 198
89 191 718
708 707 719
743 685 717
36 39 37
100 62 99
62 61 99
708 719 191
707 685 683
708 191 43
90 37 38
43 716 717
714 717 716
716 43 42
58 563 54
163 155 154
196 190 91
40 48 41
8 5 6
182 153 161
160 154 155
160 155 159
131 132 596
151 153 182
27 95 97
27 97 21
190 96 91
66 67 70
36 48 40
74 145 146
133 74 146
285 526 286
35 37 90
48 59 49
41 48 49
41 49 50
129 66 70
97 95 98
95 443 98
46 47 36
96 92 91
9 5 8
5 1 6
149 150 579
658 543 680
658 680 86
649 651 645
645 651 653
28 27 53
21 97 193
152 454 578
20 15 16
15 21 193
6 1 7
165 186 194
447 152 182
13 450 12
20 21 15
11 10 9
17 7 18
10 498 499
498 500 499
1 678 677
184 157 183
183 157 158
654 23 25
58 564 563
65 66 129
137 138 209
278 137 209
494 496 450
560 559 561
560 561 652
174 172 173
54 26 58
495 162 599
162 497 182
449 450 13
496 494 495
179 51 686
454 446 451
451 452 454
452 580 454
130 131 129
59 60 62
59 62 49
599 162 168
168 503 599
19 22 564
131 596 595
645 646 655
279 278 210
499 504 505
161 154 160
22 18 24
652 654 653
279 295 278
18 7 24
500 501 499
168 501 503
179 33 51
167 502 501
168 167 501
653 648 645
645 648 647
678 646 647
669 663 661
644 656 643
3 2 505
3 505 656
1 5 0
0 5 4
20 16 19
9 10 4
0 4 2
54 53 27
54 27 26
80 81 721
167 166 502
531 535 536
0 2 3
697 593 670
676 3 657
3 656 657
179 44 33
166 194 502
9 4 5
8 17 16
93 28 29
7 17 6
23 22 25
19 18 22
19 564 58
653 654 648
156 155 163
156 163 157
71 68 67
110 141 102
178 71 67
644 645 655
654 25 648
189 159 166
264 270 268
678 647 677
647 648 677
646 645 647
29 28 53
178 179 177
189 160 159
192 142 76
650 651 649
181 65 46
159 165 166
189 161 160
34 31 32
45 34 32
34 45 35
133 132 72
35 45 36
32 30 33
30 51 33
68 69 67
45 44 181
45 181 46
131 130 132
172 176 175
156 159 155
715 709 85
709 187 85
180 67 181
53 686 52
143 142 148
562 183 174
563 562 174
88 85 86
179 180 44
163 192 157
169 176 172
158 192 170
184 559 185
129 131 736
127 129 736
54 173 53
172 158 169
85 88 715
173 172 175
170 75 171
75 170 76
528 534 529
534 533 529
164 156 184
701 263 286
263 285 286
247 287 246
133 147 637
262 280 279
176 177 175
537 612 543
249 264 250
649 645 644
643 642 644
171 68 71
68 171 75
177 71 178
71 177 176
709 712 710
158 170 169
54 174 173
559 184 183
562 559 183
99 103 100
54 563 174
648 25 677
185 559 560
165 194 166
73 75 74
561 23 654
593 610 670
650 652 651
651 652 653
650 560 652
656 504 643
194 642 643
561 559 562
529 542 528
542 529 537
642 186 650
686 51 52
677 25 24
561 654 652
686 173 175
562 23 561
506 604 546
0 3 676
83 82 641
506 510 507
102 105 101
130 70 72
111 110 103
75 76 74
655 656 644
656 655 657
186 642 194
125 99 61
60 64 63
170 171 169
127 585 584
504 502 643
185 186 165
185 165 164
156 164 159
650 649 642
164 184 185
176 169 171
514 515 273
514 273 274
123 583 122
171 71 176
185 560 186
186 560 650
80 78 79
273 270 271
273 271 274
152 151 182
126 125 128
142 192 163
104 105 675
146 149 147
139 141 110
78 77 79
105 104 101
104 106 101
269 268 276
127 128 129
674 141 295
73 68 75
69 68 73
41 704 716
704 714 716
240 243 242
64 60 59
140 748 295
140 295 139
144 143 148
153 144 148
148 154 153
138 199 200
137 748 136
146 144 149
143 144 145
144 146 145
142 145 76
142 143 145
49 77 50
77 78 50
419 418 750
709 710 711
126 128 127
150 153 151
83 641 84
641 86 84
147 133 146
118 113 114
118 140 113
111 103 134
490 487 485
490 485 235
675 280 701
280 263 701
187 188 81
721 188 713
121 111 134
118 135 748
213 218 219
212 213 219
238 232 236
232 238 239
245 267 244
483 248 482
745 606 602
524 523 526
486 237 236
419 750 420
269 277 218
521 522 520
522 521 523
480 244 238
257 251 248
251 257 695
78 704 50
715 712 709
205 673 225
697 88 593
101 106 79
106 80 79
80 106 82
81 80 82
515 519 522
519 515 518
187 81 83
84 187 83
263 280 262
263 212 285
748 137 295
218 221 269
79 77 100
202 204 199
121 123 122
188 711 713
704 41 50
704 713 714
140 118 748
115 112 122
114 112 115
103 110 102
78 721 704
100 77 62
295 141 139
84 85 187
512 510 511
87 701 640
187 709 188
188 709 711
712 715 669
612 610 593
701 87 675
739 558 557
672 712 669
745 744 668
214 220 213
83 81 82
87 104 675
104 87 106
544 658 641
519 540 520
509 508 512
232 234 236
291 603 290
200 216 201
199 217 200
697 669 715
555 294 428
294 555 556
266 242 243
506 290 604
533 540 532
510 546 545
511 510 545
557 668 744
222 215 216
209 201 210
516 517 518
593 592 543
523 524 522
136 138 137
211 262 210
217 223 216
680 88 86
221 264 269
658 544 539
262 279 210
250 264 221
530 537 529
86 85 84
608 607 747
215 220 214
233 750 418
224 227 223
557 744 556
138 202 199
221 218 220
220 218 213
215 211 210
610 608 747
222 216 223
455 428 431
202 136 206
138 136 202
225 226 224
202 206 203
204 202 203
209 200 201
662 660 661
209 138 200
246 245 481
238 243 239
241 250 230
668 557 558
224 226 227
482 247 481
517 540 518
284 282 283
282 284 256
268 273 275
268 275 276
664 663 669
248 251 252
270 265 271
265 266 271
662 661 663
230 223 227
230 228 241
228 230 227
259 257 258
284 288 287
273 268 270
292 293 600
293 601 600
555 428 455
240 241 231
241 229 231
487 490 488
481 245 480
429 428 430
429 430 434
252 287 248
431 433 432
488 436 489
487 488 489
429 431 428
252 284 287
248 287 247
253 284 252
284 253 256
485 486 235
258 489 436
258 484 489
482 486 485
233 232 231
232 233 234
236 237 238
434 695 259
259 258 435
435 258 436
482 481 486
486 481 237
281 282 256
520 534 521
432 455 431
274 272 513
272 541 513
255 254 430
254 695 430
430 695 434
509 282 508
282 509 283
267 271 266
271 267 272
272 274 271
455 456 555
556 602 294
516 513 512
255 256 254
287 288 246
288 245 246
546 538 545
288 289 245
272 289 541
456 739 557
288 283 289
289 283 509
543 612 593
508 282 281
508 281 507
613 605 606
606 605 600
746 747 745
274 513 514
604 605 538
509 541 289
541 509 512
530 529 533
534 540 533
604 603 605
512 511 516
747 663 664
511 517 516
511 545 517
510 512 508
506 546 510
276 275 522
275 515 522
212 219 285
518 540 519
519 520 522
521 525 523
525 521 527
513 516 514
609 607 608
527 521 528
276 522 277
613 606 607
524 277 522
269 276 277
524 285 219
531 611 530
275 273 515
611 612 530
612 537 530
219 218 277
610 612 609
523 525 526
701 286 640
262 211 212
535 532 540
530 533 531
526 285 524
544 286 539
286 544 640
277 524 219
212 263 262
695 254 251
213 212 211
214 213 211
292 600 603
256 261 281
261 290 506
261 506 507
255 260 261
256 255 261
260 255 430
281 261 507
292 603 291
746 666 665
666 746 668
746 665 747
534 528 521
608 610 609
610 747 664
747 607 745
540 534 520
542 527 528
610 664 670
592 593 88
641 658 86
592 680 543
706 611 531
535 531 532
537 543 542
658 542 543
611 609 612
542 658 539
613 609 611
603 604 290
532 531 533
611 706 613
535 517 545
517 535 540
538 536 545
605 536 538
605 613 536
536 613 706
536 535 545
